       1 -1 267.5000
       2 -1 267.5340
       3 -1 267.5680
       4 -1 267.6020
       5 -1 267.6360
       6 -1 267.6700
       7 -1 267.7040
       8 -1 267.7380
       9 -1 267.7720
      10 -1 267.8060
      11 -1 267.8400
      12 -1 267.8740
      13 -1 267.9080
      14 -1 267.9420
      15 -1 267.9760
      16 -1 268.0100
      17 -1 268.0440
      18 -1 268.0780
      19 -1 268.1120
      20 -1 268.1460
      21 -1 268.1800
      22 -1 268.2140
      23 -1 268.2480
      24 -1 268.2820
      25 -1 268.3160
      26 -1 268.3500
      27 -1 268.3840
      28 -1 268.4180
      29 -1 268.4520
      30 -1 268.4860
      31 -1 268.5200
      32 -1 268.5540
      33 -1 268.5880
      34 -1 268.6220
      35 -1 268.6560
      36 -1 268.6900
      37 -1 268.7240
      38 -1 268.7580
      39 -1 268.7920
      40 -1 268.8260
      41 -1 268.8600
      42 -1 268.8940
      43 -1 268.9280
      44 -1 268.9620
      45 -1 268.9960
      46 -1 269.0300
      47 -1 269.0640
      48 -1 269.0980
      49 -1 269.1320
      50 -1 269.1660
      51 -1 269.2000
      52 -1 269.2340
      53 -1 269.2680
      54 -1 269.3020
      55 -1 269.3360
      56 -1 269.3700
      57 -1 269.4040
      58 -1 269.4380
      59 -1 269.4720
      60 -1 269.5060
      61 -1 269.5400
      62 -1 269.5740
      63 -1 269.6080
      64 -1 269.6420
      65 -1 269.6760
      66 -1 269.7100
      67 -1 269.7440
      68 -1 269.7780
      69 -1 269.8120
      70 -1 269.8460
      71 -1 269.8800
      72 -1 269.9140
      73 -1 269.9480
      74 -1 269.9820
      75 -1 270.0160
      76 -1 270.0500
      77 -1 270.0840
      78 -1 270.1180
      79 -1 270.1520
      80 -1 270.1860
      81 -1 270.2200
      82 -1 270.2540
      83 -1 270.2880
      84 -1 270.3220
      85 -1 270.3560
      86 -1 270.3900
      87 -1 270.4240
      88 -1 270.4580
      89 -1 270.4920
      90 -1 270.5260
      91 -1 270.5600
      92 -1 270.5940
      93 -1 270.6280
      94 -1 270.6620
      95 -1 270.6960
      96 -1 270.7300
      97 -1 270.7640
      98 -1 270.7980
      99 -1 270.8320
     100 -1 270.8660
     101 -1 270.9000
     102 -1 270.9340
     103 -1 270.9680
     104 -1 271.0020
     105 -1 271.0360
     106 -1 271.0700
     107 -1 271.1040
     108 -1 271.1380
     109 -1 271.1720
     110 -1 271.2060
     111 -1 271.2400
     112 -1 271.2740
     113 -1 271.3080
     114 -1 271.3420
     115 -1 271.3760
     116 -1 271.4100
     117 -1 271.4440
     118 -1 271.4780
     119 -1 271.5120
     120 -1 271.5460
     121 -1 271.5800
     122 -1 271.6140
     123 -1 271.6480
     124 -1 271.6820
     125 -1 271.7160
     126 -1 271.7500
     127 -1 271.7840
     128 -1 271.8180
     129 -1 271.8520
     130 -1 271.8860
     131 -1 271.9200
     132 -1 271.9540
     133 -1 271.9880
     134 -1 272.0220
     135 -1 272.0560
     136 -1 272.0900
     137 -1 272.1240
     138 -1 272.1580
     139 -1 272.1920
     140 -1 272.2260
     141 -1 272.2600
     142 -1 272.2940
     143 -1 272.3280
     144 -1 272.3620
     145 -1 272.3960
     146 -1 272.4300
     147 -1 272.4640
     148 -1 272.4980
     149 -1 272.5320
     150 -1 272.5660
     151 -1 272.6000
     152 -1 272.6340
     153 -1 272.6680
     154 -1 272.7020
     155 -1 272.7360
     156 -1 272.7700
     157 -1 272.8040
     158 -1 272.8380
     159 -1 272.8720
     160 -1 272.9060
     161 -1 272.9400
     162 -1 272.9740
     163 -1 273.0080
     164 -1 273.0420
     165 -1 273.0760
     166 -1 273.1100
     167 -1 273.1440
     168 -1 273.1780
     169 -1 273.2120
     170 -1 273.2460
     171 -1 273.2800
     172 -1 273.3140
     173 -1 273.3480
     174 -1 273.3820
     175 -1 273.4160
     176 -1 273.4500
     177 -1 273.4840
     178 -1 273.5180
     179 -1 273.5520
     180 -1 273.5860
     181 -1 273.6200
     182 -1 273.6540
     183 -1 273.6880
     184 -1 273.7220
     185 -1 273.7560
     186 -1 273.7900
     187 -1 273.8240
     188 -1 273.8580
     189 -1 273.8920
     190 -1 273.9260
     191 -1 273.9600
     192 -1 273.9940
     193 -1 274.0280
     194 -1 274.0620
     195 -1 274.0960
     196 -1 274.1300
     197 -1 274.1640
     198 -1 274.1980
     199 -1 274.2320
     200 -1 274.2660
     201 -1 274.3000
     202 -1 274.3340
     203 -1 274.3680
     204 -1 274.4020
     205 -1 274.4360
     206 -1 274.4700
     207 -1 274.5040
     208 -1 274.5380
     209 -1 274.5720
     210 -1 274.6060
     211 -1 274.6400
     212 -1 274.6740
     213 -1 274.7080
     214 -1 274.7420
     215 -1 274.7760
     216 -1 274.8100
     217 -1 274.8440
     218 -1 274.8780
     219 -1 274.9120
     220 -1 274.9460
     221 -1 274.9800
     222 -1 275.0140
     223 -1 275.0480
     224 -1 275.0820
     225 -1 275.1160
     226 -1 275.1500
     227 -1 275.1840
     228 -1 275.2180
     229 -1 275.2520
     230 -1 275.2860
     231 -1 275.3200
     232 -1 275.3540
     233 -1 275.3880
     234 -1 275.4220
     235 -1 275.4560
     236 -1 275.4900
     237 -1 275.5240
     238 -1 275.5580
     239 -1 275.5920
     240 -1 275.6260
     241 -1 275.6600
     242 -1 275.6940
     243 -1 275.7280
     244 -1 275.7620
     245 -1 275.7960
     246 -1 275.8300
     247 -1 275.8640
     248 -1 275.8980
     249 -1 275.9320
     250 -1 275.9660
     251 -1 276.0000
     252 -1 276.0340
     253 -1 276.0680
     254 -1 276.1020
     255 -1 276.1360
     256 -1 276.1700
     257 -1 276.2040
     258 -1 276.2380
     259 -1 276.2720
     260 -1 276.3060
     261 -1 276.3400
     262 -1 276.3740
     263 -1 276.4080
     264 -1 276.4420
     265 -1 276.4760
     266 -1 276.5100
     267 -1 276.5440
     268 -1 276.5780
     269 -1 276.6120
     270 -1 276.6460
     271 -1 276.6800
     272 -1 276.7140
     273 -1 276.7480
     274 -1 276.7820
     275 -1 276.8160
     276 -1 276.8500
     277 -1 276.8840
     278 -1 276.9180
     279 -1 276.9520
     280 -1 276.9860
     281 -1 277.0200
     282 -1 277.0540
     283 -1 277.0880
     284 -1 277.1220
     285 -1 277.1560
     286 -1 277.1900
     287 -1 277.2240
     288 -1 277.2580
     289 -1 277.2920
     290 -1 277.3260
     291 -1 277.3600
     292 -1 277.3940
     293 -1 277.4280
     294 -1 277.4620
     295 -1 277.4960
     296 -1 277.5300
     297 -1 277.5640
     298 -1 277.5980
     299 -1 277.6320
     300 -1 277.6660
     301 -1 277.7000
     302 -1 277.7340
     303 -1 277.7680
     304 -1 277.8020
     305 -1 277.8360
     306 -1 277.8700
     307 -1 277.9040
     308 -1 277.9380
     309 -1 277.9720
     310 -1 278.0060
     311 -1 278.0400
     312 -1 278.0740
     313 -1 278.1080
     314 -1 278.1420
     315 -1 278.1760
     316 -1 278.2100
     317 -1 278.2440
     318 -1 278.2780
     319 -1 278.3120
     320 -1 278.3460
     321 -1 278.3800
     322 -1 278.4140
     323 -1 278.4480
     324 -1 278.4820
     325 -1 278.5160
     326 -1 278.5500
     327 -1 278.5840
     328 -1 278.6180
     329 -1 278.6520
     330 -1 278.6860
     331 -1 278.7200
     332 -1 278.7540
     333 -1 278.7880
     334 -1 278.8220
     335 -1 278.8560
     336 -1 278.8900
     337 -1 278.9240
     338 -1 278.9580
     339 -1 278.9920
     340 -1 279.0260
     341 -1 279.0600
     342 -1 279.0940
     343 -1 279.1280
     344 -1 279.1620
     345 -1 279.1960
     346 -1 279.2300
     347 -1 279.2640
     348 -1 279.2980
     349 -1 279.3320
     350 -1 279.3660
     351 -1 279.4000
     352 -1 279.4340
     353 -1 279.4680
     354 -1 279.5020
     355 -1 279.5360
     356 -1 279.5700
     357 -1 279.6040
     358 -1 279.6380
     359 -1 279.6720
     360 -1 279.7060
     361 -1 279.7400
     362 -1 279.7740
     363 -1 279.8080
     364 -1 279.8420
     365 -1 279.8760
     366 -1 279.9100
     367 -1 279.9440
     368 -1 279.9780
     369 -1 280.0120
     370 -1 280.0460
     371 -1 280.0800
     372 -1 280.1140
     373 -1 280.1480
     374 -1 280.1820
     375 -1 280.2160
     376 -1 280.2500
     377 -1 280.2840
     378 -1 280.3180
     379 -1 280.3520
     380 -1 280.3860
     381 -1 280.4200
     382 -1 280.4540
     383 -1 280.4880
     384 -1 280.5220
     385 -1 280.5560
     386 -1 280.5900
     387 -1 280.6240
     388 -1 280.6580
     389 -1 280.6920
     390 -1 280.7260
     391 -1 280.7600
     392 -1 280.7940
     393 -1 280.8280
     394 -1 280.8620
     395 -1 280.8960
     396 -1 280.9300
     397 -1 280.9640
     398 -1 280.9980
     399 -1 281.0320
     400 -1 281.0660
     401 -1 281.1000
     402 -1 281.1340
     403 -1 281.1680
     404 -1 281.2020
     405 -1 281.2360
     406 -1 281.2700
     407 -1 281.3040
     408 -1 281.3380
     409 -1 281.3720
     410 -1 281.4060
     411 -1 281.4400
     412 -1 281.4740
     413 -1 281.5080
     414 -1 281.5420
     415 -1 281.5760
     416 -1 281.6100
     417 -1 281.6440
     418 -1 281.6780
     419 -1 281.7120
     420 -1 281.7460
     421 -1 281.7800
     422 -1 281.8140
     423 -1 281.8480
     424 -1 281.8820
     425 -1 281.9160
     426 -1 281.9500
     427 -1 281.9840
     428 -1 282.0180
     429 -1 282.0520
     430 -1 282.0860
     431 -1 282.1200
     432 -1 282.1540
     433 -1 282.1880
     434 -1 282.2220
     435 -1 282.2560
     436 -1 282.2900
     437 -1 282.3240
     438 -1 282.3580
     439 -1 282.3920
     440 -1 282.4260
     441 -1 282.4600
     442 -1 282.4940
     443 -1 282.5280
     444 -1 282.5620
     445 -1 282.5960
     446 -1 282.6300
     447 -1 282.6640
     448 -1 282.6980
     449 -1 282.7320
     450 -1 282.7660
     451 -1 282.8000
     452 -1 282.8340
     453 -1 282.8680
     454 -1 282.9020
     455 -1 282.9360
     456 -1 282.9700
     457 -1 283.0040
     458 -1 283.0380
     459 -1 283.0720
     460 -1 283.1060
     461 -1 283.1400
     462 -1 283.1740
     463 -1 283.2080
     464 -1 283.2420
     465 -1 283.2760
     466 -1 283.3100
     467 -1 283.3440
     468 -1 283.3780
     469 -1 283.4120
     470 -1 283.4460
     471 -1 283.4800
     472 -1 283.5140
     473 -1 283.5480
     474 -1 283.5820
     475 -1 283.6160
     476 -1 283.6500
     477 -1 283.6840
     478 -1 283.7180
     479 -1 283.7520
     480 -1 283.7860
     481 -1 283.8200
     482 -1 283.8540
     483 -1 283.8880
     484 -1 283.9220
     485 -1 283.9560
     486 -1 283.9900
     487 -1 284.0240
     488 -1 284.0580
     489 -1 284.0920
     490 -1 284.1260
     491 -1 284.1600
     492 -1 284.1940
     493 -1 284.2280
     494 -1 284.2620
     495 -1 284.2960
     496 -1 284.3300
     497 -1 284.3640
     498 -1 284.3980
     499 -1 284.4320
     500 -1 284.4660
     501 -1 284.5000
   10521 -1 280.0000
   11022 -1 280.0000
   11523 -1 280.0000
   12024 -1 280.0000
   12525 -1 280.0000
   13026 -1 280.0000
   13527 -1 280.0000
   14028 -1 280.0000
   14529 -1 280.0000
   15030 -1 280.0000
   15531 -1 280.0000
   16032 -1 280.0000
   16533 -1 280.0000
   17034 -1 280.0000
   17535 -1 280.0000
   18036 -1 280.0000
   18537 -1 280.0000
   19038 -1 280.0000
   19539 -1 280.0000
   20040 -1 280.0000
   20541 -1 280.0000
   21042 -1 280.0000
   21543 -1 280.0000
   22044 -1 280.0000
   22545 -1 280.0000
   23046 -1 280.0000
   23547 -1 280.0000
   24048 -1 280.0000
   24549 -1 280.0000
   25050 -1 280.0000
   25551 -1 280.0000
   25051 -1 0.00
   24550 -1 10.00
   24049 -1 20.00
   23548 -1 30.00
   23047 -1 40.00
   22546 -1 50.00
   22045 -1 60.00
   21544 -1 70.00
   21043 -1 80.00
   20542 -1 90.00
   20041 -1 100.00
   19540 -1 110.00
   19039 -1 120.00
   18538 -1 130.00
   18037 -1 140.00
   17536 -1 150.00
   17035 -1 160.00
   16534 -1 170.00
   16033 -1 180.00
   15532 -1 190.00
   15031 -1 200.00
   14530 -1 210.00
   14029 -1 220.00
   13528 -1 230.00
   13027 -1 240.00
   12526 -1 250.00
   12025 -1 260.00
   11524 -1 270.00
   11023 -1 280.00
   10522 -1 290.00
   10021 -1 300.00
