   22001  44  0.00000000000E+00  0.00000000000E+00  0.50000000000E+02   1.0000000000       0.0000000000       0.0000000000       0.0000000000       1.0000000000    
   17001  44  0.00000000000E+00  0.00000000000E+00  0.15000000000E+03   1.0000000000       0.0000000000       0.0000000000       0.0000000000       1.0000000000    
   12001  44  0.00000000000E+00  0.00000000000E+00  0.25000000000E+03   1.0000000000       0.0000000000       0.0000000000       0.0000000000       1.0000000000    
    7001  44  0.00000000000E+00  0.00000000000E+00  0.35000000000E+03   1.0000000000       0.0000000000       0.0000000000       0.0000000000       1.0000000000    
    2001  44  0.00000000000E+00  0.00000000000E+00  0.45000000000E+03   1.0000000000       0.0000000000       0.0000000000       0.0000000000       1.0000000000    
   22100  44  0.10000000000E+04  0.00000000000E+00  0.50000000000E+02   0.0000000000       1.0000000000       0.0000000000       0.0000000000       1.0000000000    
   17100  44  0.10000000000E+04  0.00000000000E+00  0.15000000000E+03   0.0000000000       1.0000000000       0.0000000000       0.0000000000       1.0000000000    
   12100  44  0.10000000000E+04  0.00000000000E+00  0.25000000000E+03   0.0000000000       1.0000000000       0.0000000000       0.0000000000       1.0000000000    
    7100  44  0.10000000000E+04  0.00000000000E+00  0.35000000000E+03   0.0000000000       1.0000000000       0.0000000000       0.0000000000       1.0000000000    
    2100  44  0.10000000000E+04  0.00000000000E+00  0.45000000000E+03   0.0000000000       1.0000000000       0.0000000000       0.0000000000       1.0000000000    
