0.2267722554165016E-02  0.4590161381225726E-02  0.2238948159022129E-02  0.0000000000000000E+00  0.1752681736383159E-06
0.1771808272150930E-02  0.3047499109524074E-02  0.1761208351982257E-02  0.0000000000000000E+00  0.1695406228461910E-06
0.1580124256031071E-02  0.2284554796793434E-02  0.1209497427195895E-02  0.0000000000000000E+00  0.1633678688962251E-06
0.1471215315595034E-02  0.1987693698014007E-02  0.1103768370353931E-02  0.0000000000000000E+00  0.1521090722922218E-06
0.1392914127791720E-02  0.1733007429943568E-02  0.7934306469205164E-03  0.0000000000000000E+00  0.1358444295679480E-06
0.1334745043177086E-02  0.1557093592449950E-02  0.7292405710246770E-03  0.0000000000000000E+00  0.1149751227605932E-06
0.1284733538423706E-02  0.1428767695979066E-02  0.3832406426258484E-03  0.0000000000000000E+00  0.9004211268232682E-07
0.1243711526687115E-02  0.1326674373280363E-02  0.2929833968284289E-03  0.0000000000000000E+00  0.6165143345891830E-07
0.1209773920515286E-02  0.1241470411328157E-02  0.2303748467512282E-03  0.0000000000000000E+00  0.3045187618814496E-07
0.1181328483972053E-02  0.1169207559778543E-02  0.1826601711185821E-03  0.0000000000000000E+00  0.0000000000000000E+00
0.1157218348302478E-02  0.1107113127544479E-02  0.1445393977777151E-03  0.0000000000000000E+00  0.0000000000000000E+00
0.1136590082687337E-02  0.1053179971449491E-02  0.1130786314966192E-03  0.0000000000000000E+00  0.0000000000000000E+00
0.1118798676145326E-02  0.1005909555232180E-02  0.8648321419549979E-04  0.0000000000000000E+00  0.0000000000000000E+00
0.1103346209107305E-02  0.9641545642804837E-03  0.6358082929132716E-04  0.0000000000000000E+00  0.0000000000000000E+00
0.1089841412945311E-02  0.9270181807170664E-03  0.4356671600885608E-04  0.0000000000000000E+00  0.0000000000000000E+00
0.1077966866490587E-02  0.8943855697359955E-03  0.2550909282057404E-04  0.0000000000000000E+00  0.0000000000000000E+00
0.1067470195784104E-02  0.8653393533565072E-03  0.9106891391579301E-05  0.0000000000000000E+00  0.0000000000000000E+00
0.1058121287241341E-02  0.8388653752864318E-03  0.0000000000000000E+00  0.0000000000000000E+00  0.0000000000000000E+00
0.1049712492096010E-02  0.8143472725105024E-03  0.0000000000000000E+00  0.0000000000000000E+00  0.0000000000000000E+00
0.1042111066813042E-02  0.7915431123677748E-03  0.0000000000000000E+00  0.0000000000000000E+00  0.0000000000000000E+00
0.1035211908477831E-02  0.7702788281463448E-03  0.0000000000000000E+00  0.0000000000000000E+00  0.0000000000000000E+00
0.1028926130306585E-02  0.7503996687201237E-03  0.0000000000000000E+00  0.0000000000000000E+00  0.0000000000000000E+00
0.1023178024708500E-02  0.7317686131423516E-03  0.0000000000000000E+00  0.0000000000000000E+00  0.0000000000000000E+00
0.1017902972284635E-02  0.7142653847219637E-03  0.0000000000000000E+00  0.0000000000000000E+00  0.0000000000000000E+00
0.1013045660561568E-02  0.6977845574405552E-03  0.0000000000000000E+00  0.0000000000000000E+00  0.0000000000000000E+00
0.1008558594968006E-02  0.6822336137577204E-03  0.0000000000000000E+00  0.0000000000000000E+00  0.0000000000000000E+00
0.1004400864770249E-02  0.6675311929133670E-03  0.0000000000000000E+00  0.0000000000000000E+00  0.0000000000000000E+00
0.1000537119573082E-02  0.6536055599219407E-03  0.0000000000000000E+00  0.0000000000000000E+00  0.0000000000000000E+00
0.9969367181563310E-03  0.6403932821840014E-03  0.0000000000000000E+00  0.0000000000000000E+00  0.0000000000000000E+00
0.9935730186519064E-03  0.6278380925547136E-03  0.0000000000000000E+00  0.0000000000000000E+00  0.0000000000000000E+00
0.9904227850194645E-03  0.6158899164917567E-03  0.0000000000000000E+00  0.0000000000000000E+00  0.0000000000000000E+00
0.9874656894878551E-03  0.6045040415997697E-03  0.0000000000000000E+00  0.0000000000000000E+00  0.0000000000000000E+00
0.9846838943834916E-03  0.5936404094880612E-03  0.0000000000000000E+00  0.0000000000000000E+00  0.0000000000000000E+00
0.9820616997886558E-03  0.5832630119200970E-03  0.0000000000000000E+00  0.0000000000000000E+00  0.0000000000000000E+00
0.9795852459192230E-03  0.5733393754578011E-03  0.0000000000000000E+00  0.0000000000000000E+00  0.0000000000000000E+00
0.9772422610971488E-03  0.5638401209778728E-03  0.0000000000000000E+00  0.0000000000000000E+00  0.0000000000000000E+00
0.9750218478081482E-03  0.5547385864511968E-03  0.0000000000000000E+00  0.0000000000000000E+00  0.0000000000000000E+00
0.9729143006497895E-03  0.5460105031638404E-03  0.0000000000000000E+00  0.0000000000000000E+00  0.0000000000000000E+00
0.9709109510478602E-03  0.5376337171136278E-03  0.0000000000000000E+00  0.0000000000000000E+00  0.0000000000000000E+00
0.9690040344954660E-03  0.5295879486441469E-03  0.0000000000000000E+00  0.0000000000000000E+00  0.0000000000000000E+00
0.9671865767869037E-03  0.5218545844985797E-03  0.0000000000000000E+00  0.0000000000000000E+00  0.0000000000000000E+00
0.9654522963075800E-03  0.5144164974169203E-03  0.0000000000000000E+00  0.0000000000000000E+00  0.0000000000000000E+00
0.9637955199261682E-03  0.5072578891864190E-03  0.0000000000000000E+00  0.0000000000000000E+00  0.0000000000000000E+00
0.9622111104352742E-03  0.5003641537105754E-03  0.0000000000000000E+00  0.0000000000000000E+00  0.0000000000000000E+00
0.9606944038174779E-03  0.4937217572058791E-03  0.0000000000000000E+00  0.0000000000000000E+00  0.0000000000000000E+00
0.9592411548884400E-03  0.4873181330926077E-03  0.0000000000000000E+00  0.0000000000000000E+00  0.0000000000000000E+00
0.9578474900962760E-03  0.4811415895211797E-03  0.0000000000000000E+00  0.0000000000000000E+00  0.0000000000000000E+00
0.9565098664469337E-03  0.4751812277945596E-03  0.0000000000000000E+00  0.0000000000000000E+00  0.0000000000000000E+00
0.9552250356835313E-03  0.4694268702084483E-03  0.0000000000000000E+00  0.0000000000000000E+00  0.0000000000000000E+00
0.9539900129809283E-03  0.4638689960547811E-03  0.0000000000000000E+00  0.0000000000000000E+00  0.0000000000000000E+00
0.9528020495275694E-03  0.4584986847160680E-03  0.0000000000000000E+00  0.0000000000000000E+00  0.0000000000000000E+00
0.9516586084609409E-03  0.4533075649376943E-03  0.0000000000000000E+00  0.0000000000000000E+00  0.0000000000000000E+00
0.9505573437012165E-03  0.4482877694933591E-03  0.0000000000000000E+00  0.0000000000000000E+00  0.0000000000000000E+00
0.9494906721013364E-03  0.4434009873509330E-03  0.0000000000000000E+00  0.0000000000000000E+00  0.0000000000000000E+00
0.9484633759994743E-03  0.4386787494744901E-03  0.0000000000000000E+00  0.0000000000000000E+00  0.0000000000000000E+00
0.9474733378500021E-03  0.4341138223212745E-03  0.0000000000000000E+00  0.0000000000000000E+00  0.0000000000000000E+00
0.9465184129579451E-03  0.4296976616314637E-03  0.0000000000000000E+00  0.0000000000000000E+00  0.0000000000000000E+00
0.9455967154719030E-03  0.4254228503313634E-03  0.0000000000000000E+00  0.0000000000000000E+00  0.0000000000000000E+00
0.9447065736449228E-03  0.4212829124461196E-03  0.0000000000000000E+00  0.0000000000000000E+00  0.0000000000000000E+00
0.9438464718861807E-03  0.4172720156790622E-03  0.0000000000000000E+00  0.0000000000000000E+00  0.0000000000000000E+00
0.9430150147777973E-03  0.4133847919990049E-03  0.0000000000000000E+00  0.0000000000000000E+00  0.0000000000000000E+00
0.9422109056583890E-03  0.4096162366340041E-03  0.0000000000000000E+00  0.0000000000000000E+00  0.0000000000000000E+00
0.9414329329326623E-03  0.4059616480919992E-03  0.0000000000000000E+00  0.0000000000000000E+00  0.0000000000000000E+00
0.9406799604427428E-03  0.4024165892897043E-03  0.0000000000000000E+00  0.0000000000000000E+00  0.0000000000000000E+00
0.9399509200971870E-03  0.3989768599838473E-03  0.0000000000000000E+00  0.0000000000000000E+00  0.0000000000000000E+00
0.9392448058650809E-03  0.3956384756479575E-03  0.0000000000000000E+00  0.0000000000000000E+00  0.0000000000000000E+00
0.9385606686761697E-03  0.3923976503118630E-03  0.0000000000000000E+00  0.0000000000000000E+00  0.0000000000000000E+00
0.9378976119752837E-03  0.3892507820302980E-03  0.0000000000000000E+00  0.0000000000000000E+00  0.0000000000000000E+00
0.9372547877829946E-03  0.3861944402290751E-03  0.0000000000000000E+00  0.0000000000000000E+00  0.0000000000000000E+00
0.9366313931676839E-03  0.3832253544767631E-03  0.0000000000000000E+00  0.0000000000000000E+00  0.0000000000000000E+00
0.9360266670632487E-03  0.3803404043914288E-03  0.0000000000000000E+00  0.0000000000000000E+00  0.0000000000000000E+00
0.9354398873842669E-03  0.3775366104874140E-03  0.0000000000000000E+00  0.0000000000000000E+00  0.0000000000000000E+00
0.9348703684005947E-03  0.3748111258190818E-03  0.0000000000000000E+00  0.0000000000000000E+00  0.0000000000000000E+00
0.9343174583409486E-03  0.3721612283153887E-03  0.0000000000000000E+00  0.0000000000000000E+00  0.0000000000000000E+00
0.9337805371998686E-03  0.3695843137206485E-03  0.0000000000000000E+00  0.0000000000000000E+00  0.0000000000000000E+00
0.9332590147263780E-03  0.3670778890729463E-03  0.0000000000000000E+00  0.0000000000000000E+00  0.0000000000000000E+00
0.9327523285754866E-03  0.3646395666628548E-03  0.0000000000000000E+00  0.0000000000000000E+00  0.0000000000000000E+00
0.9322599426064026E-03  0.3622670584246858E-03  0.0000000000000000E+00  0.0000000000000000E+00  0.0000000000000000E+00
0.9317813453129715E-03  0.3599581707181445E-03  0.0000000000000000E+00  0.0000000000000000E+00  0.0000000000000000E+00
0.9313160483737381E-03  0.3577107994640661E-03  0.0000000000000000E+00  0.0000000000000000E+00  0.0000000000000000E+00
0.9308635853104682E-03  0.3555229256029719E-03  0.0000000000000000E+00  0.0000000000000000E+00  0.0000000000000000E+00
0.9304235102451332E-03  0.3533926108479847E-03  0.0000000000000000E+00  0.0000000000000000E+00  0.0000000000000000E+00
0.9299953967464786E-03  0.3513179937074541E-03  0.0000000000000000E+00  0.0000000000000000E+00  0.0000000000000000E+00
0.9295788367582973E-03  0.3492972857553265E-03  0.0000000000000000E+00  0.0000000000000000E+00  0.0000000000000000E+00
0.9291734396021674E-03  0.3473287681285628E-03  0.0000000000000000E+00  0.0000000000000000E+00  0.0000000000000000E+00
0.9287788310484629E-03  0.3454107882352470E-03  0.0000000000000000E+00  0.0000000000000000E+00  0.0000000000000000E+00
0.9283946524496669E-03  0.3435417566555407E-03  0.0000000000000000E+00  0.0000000000000000E+00  0.0000000000000000E+00
0.9280205599311109E-03  0.3417201442229580E-03  0.0000000000000000E+00  0.0000000000000000E+00  0.0000000000000000E+00
0.9276562236342075E-03  0.3399444792711839E-03  0.0000000000000000E+00  0.0000000000000000E+00  0.0000000000000000E+00
0.9273013270080881E-03  0.3382133450351788E-03  0.0000000000000000E+00  0.0000000000000000E+00  0.0000000000000000E+00
0.9269555661459048E-03  0.3365253771962537E-03  0.0000000000000000E+00  0.0000000000000000E+00  0.0000000000000000E+00
0.9266186491621810E-03  0.3348792615601407E-03  0.0000000000000000E+00  0.0000000000000000E+00  0.0000000000000000E+00
0.9262902956081771E-03  0.3332737318597716E-03  0.0000000000000000E+00  0.0000000000000000E+00  0.0000000000000000E+00
0.9259702359224410E-03  0.3317075676745665E-03  0.0000000000000000E+00  0.0000000000000000E+00  0.0000000000000000E+00
0.9256582109138698E-03  0.3301795924581120E-03  0.0000000000000000E+00  0.0000000000000000E+00  0.0000000000000000E+00
0.9253539712749503E-03  0.3286886716675709E-03  0.0000000000000000E+00  0.0000000000000000E+00  0.0000000000000000E+00
0.9250572771230595E-03  0.3272337109886132E-03  0.0000000000000000E+00  0.0000000000000000E+00  0.0000000000000000E+00
0.9247678975677515E-03  0.3258136546493611E-03  0.0000000000000000E+00  0.0000000000000000E+00  0.0000000000000000E+00
0.9244856103023806E-03  0.3244274838187578E-03  0.0000000000000000E+00  0.0000000000000000E+00  0.0000000000000000E+00
0.9242102012181723E-03  0.3230742150832008E-03  0.0000000000000000E+00  0.0000000000000000E+00  0.0000000000000000E+00
0.9239414640394921E-03  0.3217528989979581E-03  0.0000000000000000E+00  0.0000000000000000E+00  0.0000000000000000E+00
0.9236791999786709E-03  0.3204626187079923E-03  0.0000000000000000E+00  0.0000000000000000E+00  0.0000000000000000E+00
0.9234232174092731E-03  0.3192024886349415E-03  0.0000000000000000E+00  0.0000000000000000E+00  0.0000000000000000E+00
0.9231733315565051E-03  0.3179716532259417E-03  0.0000000000000000E+00  0.0000000000000000E+00  0.0000000000000000E+00
0.9229293642037444E-03  0.3167692857611163E-03  0.0000000000000000E+00  0.0000000000000000E+00  0.0000000000000000E+00
0.9226911434141445E-03  0.3155945872164760E-03  0.0000000000000000E+00  0.0000000000000000E+00  0.0000000000000000E+00
0.9224585032663810E-03  0.3144467851790304E-03  0.0000000000000000E+00  0.0000000000000000E+00  0.0000000000000000E+00
0.9222312836037283E-03  0.3133251328115503E-03  0.0000000000000000E+00  0.0000000000000000E+00  0.0000000000000000E+00
0.9220093297955430E-03  0.3122289078639289E-03  0.0000000000000000E+00  0.0000000000000000E+00  0.0000000000000000E+00
0.9217924925105361E-03  0.3111574117289704E-03  0.0000000000000000E+00  0.0000000000000000E+00  0.0000000000000000E+00
0.9215806275011142E-03  0.3101099685404358E-03  0.0000000000000000E+00  0.0000000000000000E+00  0.0000000000000000E+00
0.9213735953980499E-03  0.3090859243104261E-03  0.0000000000000000E+00  0.0000000000000000E+00  0.0000000000000000E+00
0.9211712615150556E-03  0.3080846461051877E-03  0.0000000000000000E+00  0.0000000000000000E+00  0.0000000000000000E+00
0.9209734956625226E-03  0.3071055212562021E-03  0.0000000000000000E+00  0.0000000000000000E+00  0.0000000000000000E+00
0.9207801719700676E-03  0.3061479566058439E-03  0.0000000000000000E+00  0.0000000000000000E+00  0.0000000000000000E+00
0.9205911687172691E-03  0.3052113777850484E-03  0.0000000000000000E+00  0.0000000000000000E+00  0.0000000000000000E+00
0.9204063681722281E-03  0.3042952285218928E-03  0.0000000000000000E+00  0.0000000000000000E+00  0.0000000000000000E+00
0.9202256564375136E-03  0.3033989699795607E-03  0.0000000000000000E+00  0.0000000000000000E+00  0.0000000000000000E+00
0.9200489233030452E-03  0.3025220801218642E-03  0.0000000000000000E+00  0.0000000000000000E+00  0.0000000000000000E+00
0.9198760621056088E-03  0.3016640531054451E-03  0.0000000000000000E+00  0.0000000000000000E+00  0.0000000000000000E+00
0.9197069695946354E-03  0.3008243986972431E-03  0.0000000000000000E+00  0.0000000000000000E+00  0.0000000000000000E+00
0.9195415458039052E-03  0.3000026417159143E-03  0.0000000000000000E+00  0.0000000000000000E+00  0.0000000000000000E+00
0.9193796939288574E-03  0.2991983214961158E-03  0.0000000000000000E+00  0.0000000000000000E+00  0.0000000000000000E+00
0.9192213202092556E-03  0.2984109913746261E-03  0.0000000000000000E+00  0.0000000000000000E+00  0.0000000000000000E+00
0.9190663338169421E-03  0.2976402181974096E-03  0.0000000000000000E+00  0.0000000000000000E+00  0.0000000000000000E+00
0.9189146467483511E-03  0.2968855818464224E-03  0.0000000000000000E+00  0.0000000000000000E+00  0.0000000000000000E+00
0.9187661737216788E-03  0.2961466747854408E-03  0.0000000000000000E+00  0.0000000000000000E+00  0.0000000000000000E+00
0.9186208320782807E-03  0.2954231016237283E-03  0.0000000000000000E+00  0.0000000000000000E+00  0.0000000000000000E+00
0.9184785416883185E-03  0.2947144786972762E-03  0.0000000000000000E+00  0.0000000000000000E+00  0.0000000000000000E+00
0.9183392248603088E-03  0.2940204336665810E-03  0.0000000000000000E+00  0.0000000000000000E+00  0.0000000000000000E+00
0.9182028062543597E-03  0.2933406051296970E-03  0.0000000000000000E+00  0.0000000000000000E+00  0.0000000000000000E+00
0.9180692127990707E-03  0.2926746422510004E-03  0.0000000000000000E+00  0.0000000000000000E+00  0.0000000000000000E+00
0.9179383736117480E-03  0.2920222044038156E-03  0.0000000000000000E+00  0.0000000000000000E+00  0.0000000000000000E+00
0.9178102199219114E-03  0.2913829608271181E-03  0.0000000000000000E+00  0.0000000000000000E+00  0.0000000000000000E+00
0.9176846849978331E-03  0.2907565902951631E-03  0.0000000000000000E+00  0.0000000000000000E+00  0.0000000000000000E+00
0.9175617040760915E-03  0.2901427807999676E-03  0.0000000000000000E+00  0.0000000000000000E+00  0.0000000000000000E+00
0.9174412142938873E-03  0.2895412292457896E-03  0.0000000000000000E+00  0.0000000000000000E+00  0.0000000000000000E+00
0.9173231546240254E-03  0.2889516411548223E-03  0.0000000000000000E+00  0.0000000000000000E+00  0.0000000000000000E+00
0.9172074658125248E-03  0.2883737303845278E-03  0.0000000000000000E+00  0.0000000000000000E+00  0.0000000000000000E+00
0.9170940903185835E-03  0.2878072188549432E-03  0.0000000000000000E+00  0.0000000000000000E+00  0.0000000000000000E+00
0.9169829722569451E-03  0.2872518362865095E-03  0.0000000000000000E+00  0.0000000000000000E+00  0.0000000000000000E+00
0.9168740573424614E-03  0.2867073199474600E-03  0.0000000000000000E+00  0.0000000000000000E+00  0.0000000000000000E+00
0.9167672928368148E-03  0.2861734144105933E-03  0.0000000000000000E+00  0.0000000000000000E+00  0.0000000000000000E+00
0.9166626274972429E-03  0.2856498713188459E-03  0.0000000000000000E+00  0.0000000000000000E+00  0.0000000000000000E+00
