 0.0000000000000000E+00
 0.1200000000000000E+04
 0.2400000000000000E+04
 0.3600000000000000E+04
 0.4800000000000000E+04
 0.6000000000000000E+04
 0.7200000000000000E+04
 0.8400000000000000E+04
 0.9600000000000000E+04
 0.1080000000000000E+05
 0.1200000000000000E+05
 0.1320000000000000E+05
 0.1440000000000000E+05
 0.1560000000000000E+05
 0.1680000000000000E+05
 0.1800000000000000E+05
 0.1920000000000000E+05
 0.2040000000000000E+05
 0.2160000000000000E+05
 0.2280000000000000E+05
 0.2400000000000000E+05
 0.2520000000000000E+05
 0.2640000000000000E+05
 0.2760000000000000E+05
 0.2880000000000000E+05
 0.3000000000000000E+05
 0.3120000000000000E+05
 0.3240000000000000E+05
 0.3360000000000000E+05
 0.3480000000000000E+05
 0.3600000000000000E+05
 0.3720000000000000E+05
 0.3840000000000000E+05
 0.3960000000000000E+05
 0.4080000000000000E+05
 0.4200000000000000E+05
 0.4320000000000000E+05
