-2.2003e+02
-2.3599e-02
-5.2403e-03
-1.6087e-04
5.2700e-03
2.9053e-02
-4.8822e-03
2.0792e-02
1.9307e-02
1.2308e-02
1.4781e-02
-8.0412e-03
-9.9218e-04
5.3900e-03
-8.6450e-03
-1.9741e-02
-1.2309e-03
-3.9300e-02
-5.4625e-04
6.3659e-04
1.7588e-03
-8.6701e-03
-1.8227e-02
2.3919e-02
3.1385e-03
-6.4691e-03
-2.1161e-02
-4.8028e-04
-9.4924e-03
-2.6820e-03
2.4386e-02
-6.0941e-03
3.0884e-02
3.0659e-03
7.6339e-03
1.0208e-02
-1.1997e+02
-6.5136e+00
-3.8932e+00
-3.0062e+00
-2.6030e+00
-2.2022e+00
-1.7724e+00
-1.4885e+00
-1.2467e+00
-1.0615e+00
-9.0622e-01
-7.1594e-01
-6.5525e-01
-5.3315e-01
-4.6636e-01
-3.9041e-01
-3.2781e-01
-2.8730e-01
-2.4265e-01
-2.5383e-01
-2.2400e-01
-1.8770e-01
-1.0695e-01
-1.4639e-01
-8.3552e-02
-1.1623e-01
-8.5469e-02
-8.1456e-02
-6.4842e-02
-5.6871e-02
-3.0339e-02
-5.2886e-02
-1.4982e-02
-3.8666e-02
-5.7871e-02
-2.2976e-02
-2.0028e+01
-5.6687e+00
-5.5617e+00
-5.7164e+00
-5.3737e+00
-4.7745e+00
-4.1425e+00
-3.5015e+00
-2.9649e+00
-2.5737e+00
-2.1896e+00
-1.8632e+00
-1.5648e+00
-1.3252e+00
-1.1451e+00
-9.6442e-01
-8.6519e-01
-7.5226e-01
-6.2703e-01
-5.4066e-01
-5.0561e-01
-4.0511e-01
-3.8951e-01
-3.1087e-01
-2.9372e-01
-2.4558e-01
-1.8258e-01
-1.6582e-01
-1.6474e-01
-1.5446e-01
-1.2311e-01
-9.4486e-02
-9.0016e-02
-1.1619e-01
-9.6496e-02
-7.0038e-02
-6.3454e-02
-2.5206e-01
-3.6997e-01
-4.7916e-01
-5.0780e-01
-5.5741e-01
-5.2683e-01
-4.8190e-01
-4.3863e-01
-3.9392e-01
-3.5701e-01
-2.7870e-01
-2.4522e-01
-2.3203e-01
-1.6139e-01
-1.6379e-01
-1.2804e-01
-1.4676e-01
-1.3097e-01
-8.4604e-02
-3.8474e-02
-8.9234e-02
-8.2497e-02
-7.2446e-02
-4.2809e-02
-5.8971e-02
-4.1393e-02
-3.9273e-02
-3.4948e-02
-3.1929e-02
-4.8604e-04
-2.5411e-02
-1.6344e-02
-6.5563e-03
4.5654e-04
-4.0125e-03
-1.7873e-02
-8.7017e-02
-2.0063e-01
-2.5783e-01
-3.1349e-01
-3.1716e-01
-3.2925e-01
-3.1905e-01
-2.9082e-01
-2.5557e-01
-2.5454e-01
-1.7006e-01
-1.5475e-01
-1.7132e-01
-1.2941e-01
-9.4077e-02
-9.8657e-02
-6.8671e-02
-7.9031e-02
-3.8213e-02
-6.3395e-02
-1.4151e-02
-5.1662e-02
-4.7747e-02
-3.4984e-02
-3.6974e-02
-2.2426e-02
-2.4088e-02
-2.3976e-02
-3.7604e-02
3.3081e-03
3.5117e-03
-1.4608e-02
-2.8018e-02
1.3888e-02
1.8719e-02
-1.9141e-01
-1.4351e+00
-2.1381e+00
-2.3525e+00
-2.3629e+00
-2.2687e+00
-2.1798e+00
-2.0028e+00
-1.8720e+00
-1.7383e+00
-1.6154e+00
-1.4467e+00
-1.3098e+00
-1.2474e+00
-1.0941e+00
-1.0706e+00
-8.9433e-01
-8.4555e-01
-7.8812e-01
-7.2749e-01
-6.6359e-01
-5.8692e-01
-5.5762e-01
-4.9209e-01
-4.6534e-01
-4.2011e-01
-3.4930e-01
-3.7080e-01
-3.5715e-01
-3.1522e-01
-2.7199e-01
-2.7160e-01
-2.7223e-01
-2.4170e-01
-2.2250e-01
-2.0349e-01
-1.8993e-01
-1.1742e+00
-1.7964e+00
-2.0652e+00
-2.0853e+00
-2.0393e+00
-1.9341e+00
-1.8378e+00
-1.6851e+00
-1.5467e+00
-1.4391e+00
-1.3193e+00
-1.2193e+00
-1.0860e+00
-9.7524e-01
-9.1767e-01
-8.4502e-01
-7.4756e-01
-6.9651e-01
-6.4135e-01
-6.0176e-01
-5.1351e-01
-4.9430e-01
-4.5793e-01
-4.2561e-01
-3.8292e-01
-3.3556e-01
-3.6810e-01
-3.2503e-01
-2.7008e-01
-2.6721e-01
-1.6653e-01
-2.5443e-01
-2.1725e-01
-1.8448e-01
-1.6141e-01
-3.0343e-01
-9.7091e-01
-1.1918e+00
-1.2592e+00
-1.2032e+00
-1.1563e+00
-1.0438e+00
-1.0046e+00
-8.9664e-01
-8.2946e-01
-7.7071e-01
-7.0527e-01
-6.2067e-01
-5.7703e-01
-5.8370e-01
-4.2311e-01
-4.1676e-01
-4.4103e-01
-3.8830e-01
-3.1744e-01
-3.0243e-01
-2.4819e-01
-2.2096e-01
-1.9949e-01
-2.3280e-01
-1.8791e-01
-1.2494e-01
-1.7354e-01
-1.9695e-01
-1.1880e-01
-8.5967e-02
-1.5778e-01
-1.1955e-01
-1.1853e-01
-1.1146e-01
-5.1245e-02
-2.3682e-01
-8.0547e-01
-1.0222e+00
-9.3228e-01
-7.9804e-01
-6.8690e-01
-6.4040e-01
-5.3555e-01
-5.1328e-01
-4.5161e-01
-3.9560e-01
-3.9410e-01
-3.4319e-01
-3.0346e-01
-2.7439e-01
-2.1846e-01
-2.1121e-01
-1.7614e-01
-1.3082e-01
-1.6167e-01
-1.8122e-01
-1.4448e-01
-1.0854e-01
-1.3162e-01
-1.5805e-01
-1.0272e-01
-7.6467e-02
-8.1983e-02
-6.8725e-02
-9.1950e-02
-9.8108e-02
-9.7563e-02
-6.5620e-02
-1.2361e-02
-6.7875e-02
-4.5321e-02
-1.3054e-01
-1.9238e-01
-1.5371e-01
-1.3599e-01
-8.6557e-02
-5.3423e-02
-1.2100e-01
-7.4678e-02
-4.4237e-02
-4.9447e-02
-6.9535e-02
-1.9683e-02
-2.9420e-02
-5.8913e-02
1.9806e-02
-7.1776e-02
-3.1984e-02
-2.1908e-02
-3.0192e-03
2.9895e-02
1.8381e-04
-3.0538e-03
-3.4266e-02
-6.7943e-03
-1.0149e-02
-1.6205e-02
2.8807e-03
-2.6247e-02
-6.1195e-02
2.6578e-03
-1.8774e-02
1.2669e-03
-1.0809e-02
-1.8259e-02
7.2445e-03
-4.2174e-02
