6.0734e-03
4.5025e-03
5.4814e-03
3.2457e-03
2.1214e-03
1.9761e-03
2.5457e-03
1.6138e-03
3.1603e-03
1.7073e-03
1.2927e-03
3.2641e-03
2.6517e-03
1.1075e-03
1.4339e-03
1.3482e-03
1.4833e-03
2.3585e-03
1.5642e-03
2.0742e-03
2.0761e-03
4.8915e-04
6.9503e-05
4.4936e-05
3.0761e-05
2.1003e-05
1.4589e-05
9.7763e-06
6.2689e-06
3.6080e-06
1.5962e-06
1.9665e-07
-5.6544e-10
1.0462e-09
4.2840e-10
-6.1780e-10
-2.1792e-10
7.0212e-10
3.7901e-10
5.8203e-10
8.8508e-05
5.0975e-05
3.4550e-05
2.4834e-05
1.7992e-05
1.2468e-05
8.6908e-06
5.4025e-06
3.1665e-06
1.2974e-06
2.9180e-07
1.2333e-09
1.0371e-10
-7.0656e-11
2.8296e-10
3.6309e-10
6.1205e-11
3.8302e-10
-2.5457e-10
-2.4423e-10
-5.5994e-10
-1.6390e-10
1.7068e-10
-2.6500e-10
2.6345e-10
-9.0475e-10
4.4481e-10
-8.8168e-10
2.4467e-10
1.6391e-10
1.0348e-09
-2.3674e-10
-6.7460e-11
-6.5317e-10
1.2455e-10
-3.0382e-10
3.6754e-10
-1.6069e-10
3.9863e-10
9.0614e-10
1.0786e-07
1.0872e-07
1.0733e-07
1.0749e-07
1.0551e-07
1.0481e-07
1.0216e-07
1.0059e-07
9.6854e-08
9.3403e-08
8.9298e-08
8.4631e-08
7.9001e-08
7.3292e-08
6.8119e-08
6.1634e-08
5.5161e-08
4.7669e-08
3.9931e-08
3.1886e-08
