5.0000e+01
5.0000e+01
5.0000e+01
5.0000e+01
5.0000e+01
5.0000e+01
5.0000e+01
5.0000e+01
5.0000e+01
5.0000e+01
5.0000e+01
5.0000e+01
5.0000e+01
5.0000e+01
5.0000e+01
5.0000e+01
5.0000e+01
5.0000e+01
5.0000e+01
5.0000e+01
5.0000e+01
5.0000e+01
5.0000e+01
5.0000e+01
5.0000e+01
5.0000e+01
5.0000e+01
5.0000e+01
5.0000e+01
5.0000e+01
5.0000e+01
5.0000e+01
5.0000e+01
5.0000e+01
5.0000e+01
5.0000e+01
5.0000e+01
5.0000e+01
5.0000e+01
5.0000e+01
5.0000e+01
5.0000e+01
5.0000e+01
5.0000e+01
5.0000e+01
5.0000e+01
5.0000e+01
5.0000e+01
5.0000e+01
5.0000e+01
5.0000e+01
5.0000e+01
5.0000e+01
5.0000e+01
5.0000e+01
5.0000e+01
5.0000e+01
5.0000e+01
5.0000e+01
5.0000e+01
5.0000e+01
5.0000e+01
5.0000e+01
5.0000e+01
5.0000e+01
5.0000e+01
5.0000e+01
5.0000e+01
5.0000e+01
5.0000e+01
5.0000e+01
5.0000e+01
5.0000e+01
5.0000e+01
5.0000e+01
5.0000e+01
5.0000e+01
5.0000e+01
5.0000e+01
5.0000e+01
5.0000e+01
5.0000e+01
5.0000e+01
5.0000e+01
5.0000e+01
5.0000e+01
5.0000e+01
5.0000e+01
5.0000e+01
5.0000e+01
5.0000e+01
5.0000e+01
5.0000e+01
5.0000e+01
5.0000e+01
5.0000e+01
5.0000e+01
5.0000e+01
5.0000e+01
5.0000e+01
5.0000e+01
5.0000e+01
5.0000e+01
5.0000e+01
5.0000e+01
5.0000e+01
5.0000e+01
5.0000e+01
5.0000e+01
5.0000e+01
5.0000e+01
5.0000e+01
5.0000e+01
5.0000e+01
5.0000e+01
5.0000e+01
5.0000e+01
5.0000e+01
5.0000e+01
5.0000e+01
5.0000e+01
5.0000e+01
5.0000e+01
5.0000e+01
5.0000e+01
5.0000e+01
5.0000e+01
5.0000e+01
5.0000e+01
5.0000e+01
5.0000e+01
5.0000e+01
5.0000e+01
5.0000e+01
5.0000e+01
5.0000e+01
5.0000e+01
5.0000e+01
5.0000e+01
5.0000e+01
5.0000e+01
5.0000e+01
5.0000e+01
5.0000e+01
1.5000e+02
1.5000e+02
1.4436e+02
1.4276e+02
1.4087e+02
1.3978e+02
1.3859e+02
1.3758e+02
1.3673e+02
1.3602e+02
1.3540e+02
1.3487e+02
1.3440e+02
1.3398e+02
1.3361e+02
1.3328e+02
1.3298e+02
1.3271e+02
1.3245e+02
1.3221e+02
1.3198e+02
1.3177e+02
1.3157e+02
1.3138e+02
1.3120e+02
1.3103e+02
1.3087e+02
1.3072e+02
1.3058e+02
1.3044e+02
1.3031e+02
1.3019e+02
1.3007e+02
1.2995e+02
1.2985e+02
1.2974e+02
1.2964e+02
1.2954e+02
1.2945e+02
1.2936e+02
1.2928e+02
1.2920e+02
1.2912e+02
1.2904e+02
1.2897e+02
1.2890e+02
1.2883e+02
1.2876e+02
1.2870e+02
1.2864e+02
1.2858e+02
1.2852e+02
1.2846e+02
1.2841e+02
1.2836e+02
1.2831e+02
1.2826e+02
1.2821e+02
1.2817e+02
1.2812e+02
1.2808e+02
1.2804e+02
1.2799e+02
1.2796e+02
1.2792e+02
1.2788e+02
1.2784e+02
1.2781e+02
1.2777e+02
1.2774e+02
1.2771e+02
1.2768e+02
1.2765e+02
1.2762e+02
1.2759e+02
1.2756e+02
1.2753e+02
1.2751e+02
1.2748e+02
1.2746e+02
1.2743e+02
1.2741e+02
1.2739e+02
1.2736e+02
1.2734e+02
1.2732e+02
1.2730e+02
1.2728e+02
1.2726e+02
1.2724e+02
1.2722e+02
1.2720e+02
1.2718e+02
1.2717e+02
1.2715e+02
1.2713e+02
1.2712e+02
1.2710e+02
1.2709e+02
1.2707e+02
1.2706e+02
1.2704e+02
1.2703e+02
1.2701e+02
1.2700e+02
1.2699e+02
1.2697e+02
1.2696e+02
1.2695e+02
1.2694e+02
1.2693e+02
1.2691e+02
1.2690e+02
1.2689e+02
1.2688e+02
1.2687e+02
1.2686e+02
1.2685e+02
1.2684e+02
1.2683e+02
1.2682e+02
1.2681e+02
1.2680e+02
1.2679e+02
1.2679e+02
1.2678e+02
1.2677e+02
1.2676e+02
1.2675e+02
1.2675e+02
1.2674e+02
1.2673e+02
1.2672e+02
1.2672e+02
1.2671e+02
1.2670e+02
1.2670e+02
1.2669e+02
1.2668e+02
1.2668e+02
1.2667e+02
1.2666e+02
1.2666e+02
1.2665e+02
2.5000e+02
2.5000e+02
2.3677e+02
2.3486e+02
2.2714e+02
2.2437e+02
2.2100e+02
2.1903e+02
2.1764e+02
2.1658e+02
2.1574e+02
2.1504e+02
2.1445e+02
2.1395e+02
2.1350e+02
2.1311e+02
2.1276e+02
2.1237e+02
2.1188e+02
2.1134e+02
2.1077e+02
2.1019e+02
2.0960e+02
2.0903e+02
2.0846e+02
2.0790e+02
2.0735e+02
2.0682e+02
2.0631e+02
2.0580e+02
2.0532e+02
2.0485e+02
2.0439e+02
2.0395e+02
2.0352e+02
2.0311e+02
2.0271e+02
2.0232e+02
2.0195e+02
2.0159e+02
2.0124e+02
2.0090e+02
2.0057e+02
2.0025e+02
1.9994e+02
1.9965e+02
1.9936e+02
1.9908e+02
1.9880e+02
1.9854e+02
1.9828e+02
1.9804e+02
1.9780e+02
1.9756e+02
1.9733e+02
1.9711e+02
1.9690e+02
1.9669e+02
1.9649e+02
1.9629e+02
1.9610e+02
1.9592e+02
1.9573e+02
1.9556e+02
1.9539e+02
1.9522e+02
1.9506e+02
1.9490e+02
1.9475e+02
1.9460e+02
1.9445e+02
1.9431e+02
1.9417e+02
1.9404e+02
1.9391e+02
1.9378e+02
1.9366e+02
1.9353e+02
1.9342e+02
1.9330e+02
1.9319e+02
1.9308e+02
1.9297e+02
1.9287e+02
1.9277e+02
1.9267e+02
1.9257e+02
1.9247e+02
1.9238e+02
1.9229e+02
1.9220e+02
1.9212e+02
1.9203e+02
1.9195e+02
1.9187e+02
1.9179e+02
1.9171e+02
1.9164e+02
1.9156e+02
1.9149e+02
1.9142e+02
1.9135e+02
1.9129e+02
1.9122e+02
1.9116e+02
1.9109e+02
1.9103e+02
1.9097e+02
1.9091e+02
1.9086e+02
1.9080e+02
1.9075e+02
1.9069e+02
1.9064e+02
1.9059e+02
1.9054e+02
1.9049e+02
1.9044e+02
1.9039e+02
1.9034e+02
1.9030e+02
1.9025e+02
1.9021e+02
1.9017e+02
1.9012e+02
1.9008e+02
1.9004e+02
1.9000e+02
1.8996e+02
1.8993e+02
1.8989e+02
1.8985e+02
1.8982e+02
1.8978e+02
1.8975e+02
1.8971e+02
1.8968e+02
1.8965e+02
1.8962e+02
1.8959e+02
1.8955e+02
1.8952e+02
1.8949e+02
1.8947e+02
2.6853e+02
2.6735e+02
2.6581e+02
2.6418e+02
2.6255e+02
2.6096e+02
2.5947e+02
2.5811e+02
2.5690e+02
2.5585e+02
2.5493e+02
2.5414e+02
2.5344e+02
2.5283e+02
2.5227e+02
2.5177e+02
2.5131e+02
2.5088e+02
2.5047e+02
2.5007e+02
2.4969e+02
2.4930e+02
2.4892e+02
2.4854e+02
2.4816e+02
2.4780e+02
2.4743e+02
2.4708e+02
2.4673e+02
2.4639e+02
2.4605e+02
2.4573e+02
2.4541e+02
2.4511e+02
2.4481e+02
2.4452e+02
2.4424e+02
2.4397e+02
2.4370e+02
2.4344e+02
2.4319e+02
2.4295e+02
2.4272e+02
2.4249e+02
2.4227e+02
2.4205e+02
2.4184e+02
2.4164e+02
2.4144e+02
2.4125e+02
2.4106e+02
2.4088e+02
2.4071e+02
2.4054e+02
2.4037e+02
2.4021e+02
2.4006e+02
2.3990e+02
2.3976e+02
2.3961e+02
2.3947e+02
2.3934e+02
2.3921e+02
2.3908e+02
2.3895e+02
2.3883e+02
2.3871e+02
2.3860e+02
2.3848e+02
2.3837e+02
2.3827e+02
2.3816e+02
2.3806e+02
2.3796e+02
2.3787e+02
2.3777e+02
2.3768e+02
2.3759e+02
2.3751e+02
2.3742e+02
2.3734e+02
2.3726e+02
2.3718e+02
2.3711e+02
2.3703e+02
2.3696e+02
2.3689e+02
2.3682e+02
2.3675e+02
2.3668e+02
2.3662e+02
2.3656e+02
2.3649e+02
2.3643e+02
2.3638e+02
2.3632e+02
2.3626e+02
2.3621e+02
2.3615e+02
2.3610e+02
2.3605e+02
2.3600e+02
2.3595e+02
2.3590e+02
2.3586e+02
2.3581e+02
2.3577e+02
2.3572e+02
2.3568e+02
2.3564e+02
2.3560e+02
2.3556e+02
2.3552e+02
2.3548e+02
2.3544e+02
2.3540e+02
2.3537e+02
2.3533e+02
2.3530e+02
2.3526e+02
2.3523e+02
2.3520e+02
2.3517e+02
2.3514e+02
2.3511e+02
2.3508e+02
2.3505e+02
2.3502e+02
2.3499e+02
2.3496e+02
2.3493e+02
2.3491e+02
2.3488e+02
2.3486e+02
2.3483e+02
2.3481e+02
2.3478e+02
2.3476e+02
2.3474e+02
2.3471e+02
2.3469e+02
2.3467e+02
2.3465e+02
2.3463e+02
2.6878e+02
2.6875e+02
2.6866e+02
2.6853e+02
2.6835e+02
2.6813e+02
2.6787e+02
2.6759e+02
2.6729e+02
2.6697e+02
2.6664e+02
2.6631e+02
2.6597e+02
2.6563e+02
2.6529e+02
2.6496e+02
2.6463e+02
2.6431e+02
2.6399e+02
2.6368e+02
2.6338e+02
2.6309e+02
2.6280e+02
2.6252e+02
2.6225e+02
2.6198e+02
2.6172e+02
2.6147e+02
2.6122e+02
2.6098e+02
2.6075e+02
2.6052e+02
2.6030e+02
2.6009e+02
2.5988e+02
2.5967e+02
2.5948e+02
2.5928e+02
2.5910e+02
2.5891e+02
2.5874e+02
2.5856e+02
2.5840e+02
2.5823e+02
2.5807e+02
2.5792e+02
2.5777e+02
2.5762e+02
2.5748e+02
2.5734e+02
2.5721e+02
2.5708e+02
2.5695e+02
2.5683e+02
2.5671e+02
2.5659e+02
2.5648e+02
2.5637e+02
2.5626e+02
2.5615e+02
2.5605e+02
2.5595e+02
2.5585e+02
2.5576e+02
2.5567e+02
2.5558e+02
2.5549e+02
2.5540e+02
2.5532e+02
2.5524e+02
2.5516e+02
2.5508e+02
2.5501e+02
2.5494e+02
2.5486e+02
2.5480e+02
2.5473e+02
2.5466e+02
2.5460e+02
2.5453e+02
2.5447e+02
2.5441e+02
2.5435e+02
2.5430e+02
2.5424e+02
2.5419e+02
2.5413e+02
2.5408e+02
2.5403e+02
2.5398e+02
2.5393e+02
2.5389e+02
2.5384e+02
2.5379e+02
2.5375e+02
2.5371e+02
2.5366e+02
2.5362e+02
2.5358e+02
2.5354e+02
2.5350e+02
2.5347e+02
2.5343e+02
2.5339e+02
2.5336e+02
2.5332e+02
2.5329e+02
2.5326e+02
2.5322e+02
2.5319e+02
2.5316e+02
2.5313e+02
2.5310e+02
2.5307e+02
2.5304e+02
2.5302e+02
2.5299e+02
2.5296e+02
2.5294e+02
2.5291e+02
2.5288e+02
2.5286e+02
2.5284e+02
2.5281e+02
2.5279e+02
2.5277e+02
2.5274e+02
2.5272e+02
2.5270e+02
2.5268e+02
2.5266e+02
2.5264e+02
2.5262e+02
2.5260e+02
2.5258e+02
2.5256e+02
2.5254e+02
2.5253e+02
2.5251e+02
2.5249e+02
2.5247e+02
2.5246e+02
2.5244e+02
2.5242e+02
2.6943e+02
2.6941e+02
2.6936e+02
2.6925e+02
2.6908e+02
2.6885e+02
2.6855e+02
2.6820e+02
2.6780e+02
2.6735e+02
2.6687e+02
2.6635e+02
2.6581e+02
2.6524e+02
2.6466e+02
2.6407e+02
2.6347e+02
2.6286e+02
2.6224e+02
2.6163e+02
2.6101e+02
2.6040e+02
2.5979e+02
2.5918e+02
2.5858e+02
2.5799e+02
2.5740e+02
2.5682e+02
2.5625e+02
2.5569e+02
2.5513e+02
2.5459e+02
2.5405e+02
2.5352e+02
2.5300e+02
2.5249e+02
2.5199e+02
2.5150e+02
2.5102e+02
2.5055e+02
2.5008e+02
2.4963e+02
2.4918e+02
2.4874e+02
2.4832e+02
2.4789e+02
2.4748e+02
2.4708e+02
2.4668e+02
2.4629e+02
2.4591e+02
2.4554e+02
2.4518e+02
2.4482e+02
2.4447e+02
2.4413e+02
2.4379e+02
2.4346e+02
2.4314e+02
2.4282e+02
2.4251e+02
2.4221e+02
2.4191e+02
2.4162e+02
2.4134e+02
2.4106e+02
2.4079e+02
2.4052e+02
2.4026e+02
2.4000e+02
2.3975e+02
2.3950e+02
2.3926e+02
2.3902e+02
2.3879e+02
2.3856e+02
2.3834e+02
2.3812e+02
2.3791e+02
2.3770e+02
2.3749e+02
2.3729e+02
2.3710e+02
2.3690e+02
2.3671e+02
2.3653e+02
2.3635e+02
2.3617e+02
2.3599e+02
2.3582e+02
2.3565e+02
2.3549e+02
2.3533e+02
2.3517e+02
2.3501e+02
2.3486e+02
2.3471e+02
2.3457e+02
2.3442e+02
2.3428e+02
2.3414e+02
2.3401e+02
2.3388e+02
2.3375e+02
2.3362e+02
2.3349e+02
2.3337e+02
2.3325e+02
2.3313e+02
2.3301e+02
2.3290e+02
2.3279e+02
2.3268e+02
2.3257e+02
2.3247e+02
2.3236e+02
2.3226e+02
2.3216e+02
2.3206e+02
2.3197e+02
2.3187e+02
2.3178e+02
2.3169e+02
2.3160e+02
2.3151e+02
2.3143e+02
2.3134e+02
2.3126e+02
2.3118e+02
2.3110e+02
2.3102e+02
2.3094e+02
2.3086e+02
2.3079e+02
2.3072e+02
2.3064e+02
2.3057e+02
2.3050e+02
2.3044e+02
2.3037e+02
2.3030e+02
2.3024e+02
2.3018e+02
2.3011e+02
2.6943e+02
2.6930e+02
2.6903e+02
2.6861e+02
2.6808e+02
2.6747e+02
2.6679e+02
2.6608e+02
2.6535e+02
2.6460e+02
2.6384e+02
2.6309e+02
2.6235e+02
2.6161e+02
2.6088e+02
2.6017e+02
2.5947e+02
2.5879e+02
2.5812e+02
2.5747e+02
2.5684e+02
2.5622e+02
2.5561e+02
2.5502e+02
2.5444e+02
2.5387e+02
2.5332e+02
2.5278e+02
2.5226e+02
2.5174e+02
2.5124e+02
2.5074e+02
2.5026e+02
2.4979e+02
2.4933e+02
2.4888e+02
2.4844e+02
2.4800e+02
2.4758e+02
2.4717e+02
2.4676e+02
2.4637e+02
2.4598e+02
2.4560e+02
2.4523e+02
2.4486e+02
2.4451e+02
2.4416e+02
2.4382e+02
2.4348e+02
2.4316e+02
2.4284e+02
2.4252e+02
2.4222e+02
2.4192e+02
2.4162e+02
2.4134e+02
2.4105e+02
2.4078e+02
2.4051e+02
2.4024e+02
2.3998e+02
2.3973e+02
2.3948e+02
2.3924e+02
2.3900e+02
2.3877e+02
2.3854e+02
2.3831e+02
2.3809e+02
2.3788e+02
2.3767e+02
2.3746e+02
2.3726e+02
2.3706e+02
2.3686e+02
2.3667e+02
2.3649e+02
2.3630e+02
2.3612e+02
2.3595e+02
2.3577e+02
2.3561e+02
2.3544e+02
2.3528e+02
2.3512e+02
2.3496e+02
2.3481e+02
2.3466e+02
2.3451e+02
2.3437e+02
2.3423e+02
2.3409e+02
2.3395e+02
2.3382e+02
2.3369e+02
2.3356e+02
2.3343e+02
2.3331e+02
2.3319e+02
2.3307e+02
2.3295e+02
2.3284e+02
2.3273e+02
2.3262e+02
2.3251e+02
2.3240e+02
2.3230e+02
2.3219e+02
2.3209e+02
2.3200e+02
2.3190e+02
2.3180e+02
2.3171e+02
2.3162e+02
2.3153e+02
2.3144e+02
2.3136e+02
2.3127e+02
2.3119e+02
2.3111e+02
2.3103e+02
2.3095e+02
2.3087e+02
2.3079e+02
2.3072e+02
2.3064e+02
2.3057e+02
2.3050e+02
2.3043e+02
2.3036e+02
2.3030e+02
2.3023e+02
2.3016e+02
2.3010e+02
2.3004e+02
2.2998e+02
2.2992e+02
2.2986e+02
2.2980e+02
2.2974e+02
2.2968e+02
2.2963e+02
2.2957e+02
2.6983e+02
2.6978e+02
2.6965e+02
2.6945e+02
2.6917e+02
2.6882e+02
2.6841e+02
2.6795e+02
2.6746e+02
2.6695e+02
2.6642e+02
2.6589e+02
2.6535e+02
2.6482e+02
2.6428e+02
2.6376e+02
2.6324e+02
2.6273e+02
2.6224e+02
2.6175e+02
2.6127e+02
2.6080e+02
2.6034e+02
2.5989e+02
2.5944e+02
2.5901e+02
2.5858e+02
2.5816e+02
2.5775e+02
2.5735e+02
2.5696e+02
2.5657e+02
2.5620e+02
2.5583e+02
2.5546e+02
2.5511e+02
2.5476e+02
2.5442e+02
2.5408e+02
2.5376e+02
2.5344e+02
2.5312e+02
2.5282e+02
2.5252e+02
2.5222e+02
2.5193e+02
2.5165e+02
2.5137e+02
2.5110e+02
2.5084e+02
2.5058e+02
2.5033e+02
2.5008e+02
2.4983e+02
2.4959e+02
2.4936e+02
2.4913e+02
2.4891e+02
2.4869e+02
2.4847e+02
2.4826e+02
2.4806e+02
2.4785e+02
2.4766e+02
2.4746e+02
2.4727e+02
2.4709e+02
2.4690e+02
2.4672e+02
2.4655e+02
2.4638e+02
2.4621e+02
2.4604e+02
2.4588e+02
2.4572e+02
2.4557e+02
2.4542e+02
2.4527e+02
2.4512e+02
2.4498e+02
2.4484e+02
2.4470e+02
2.4456e+02
2.4443e+02
2.4430e+02
2.4417e+02
2.4405e+02
2.4392e+02
2.4380e+02
2.4369e+02
2.4357e+02
2.4346e+02
2.4334e+02
2.4324e+02
2.4313e+02
2.4302e+02
2.4292e+02
2.4282e+02
2.4272e+02
2.4262e+02
2.4253e+02
2.4243e+02
2.4234e+02
2.4225e+02
2.4216e+02
2.4207e+02
2.4199e+02
2.4190e+02
2.4182e+02
2.4174e+02
2.4166e+02
2.4158e+02
2.4151e+02
2.4143e+02
2.4136e+02
2.4128e+02
2.4121e+02
2.4114e+02
2.4107e+02
2.4101e+02
2.4094e+02
2.4088e+02
2.4081e+02
2.4075e+02
2.4069e+02
2.4063e+02
2.4057e+02
2.4051e+02
2.4045e+02
2.4039e+02
2.4034e+02
2.4028e+02
2.4023e+02
2.4018e+02
2.4012e+02
2.4007e+02
2.4002e+02
2.3997e+02
2.3992e+02
2.3988e+02
2.3983e+02
2.3978e+02
2.3974e+02
2.3969e+02
2.7026e+02
2.7026e+02
2.7024e+02
2.7019e+02
2.7010e+02
2.6998e+02
2.6983e+02
2.6964e+02
2.6942e+02
2.6917e+02
2.6890e+02
2.6861e+02
2.6830e+02
2.6799e+02
2.6767e+02
2.6734e+02
2.6701e+02
2.6668e+02
2.6634e+02
2.6602e+02
2.6569e+02
2.6536e+02
2.6504e+02
2.6473e+02
2.6442e+02
2.6411e+02
2.6381e+02
2.6351e+02
2.6322e+02
2.6294e+02
2.6265e+02
2.6238e+02
2.6211e+02
2.6184e+02
2.6158e+02
2.6133e+02
2.6108e+02
2.6083e+02
2.6059e+02
2.6036e+02
2.6012e+02
2.5990e+02
2.5968e+02
2.5946e+02
2.5925e+02
2.5904e+02
2.5883e+02
2.5863e+02
2.5844e+02
2.5825e+02
2.5806e+02
2.5788e+02
2.5770e+02
2.5752e+02
2.5735e+02
2.5718e+02
2.5701e+02
2.5685e+02
2.5669e+02
2.5654e+02
2.5639e+02
2.5624e+02
2.5609e+02
2.5595e+02
2.5581e+02
2.5567e+02
2.5554e+02
2.5540e+02
2.5528e+02
2.5515e+02
2.5502e+02
2.5490e+02
2.5478e+02
2.5467e+02
2.5455e+02
2.5444e+02
2.5433e+02
2.5422e+02
2.5412e+02
2.5401e+02
2.5391e+02
2.5381e+02
2.5372e+02
2.5362e+02
2.5353e+02
2.5343e+02
2.5334e+02
2.5326e+02
2.5317e+02
2.5308e+02
2.5300e+02
2.5292e+02
2.5284e+02
2.5276e+02
2.5268e+02
2.5261e+02
2.5253e+02
2.5246e+02
2.5239e+02
2.5232e+02
2.5225e+02
2.5218e+02
2.5212e+02
2.5205e+02
2.5199e+02
2.5192e+02
2.5186e+02
2.5180e+02
2.5174e+02
2.5168e+02
2.5163e+02
2.5157e+02
2.5152e+02
2.5146e+02
2.5141e+02
2.5136e+02
2.5131e+02
2.5126e+02
2.5121e+02
2.5116e+02
2.5111e+02
2.5106e+02
2.5102e+02
2.5097e+02
2.5093e+02
2.5088e+02
2.5084e+02
2.5080e+02
2.5076e+02
2.5072e+02
2.5068e+02
2.5064e+02
2.5060e+02
2.5056e+02
2.5052e+02
2.5049e+02
2.5045e+02
2.5042e+02
2.5038e+02
2.5035e+02
2.5031e+02
2.5028e+02
2.5025e+02
2.5022e+02
2.7071e+02
2.7072e+02
2.7071e+02
2.7070e+02
2.7068e+02
2.7064e+02
2.7059e+02
2.7052e+02
2.7043e+02
2.7033e+02
2.7021e+02
2.7008e+02
2.6994e+02
2.6978e+02
2.6963e+02
2.6946e+02
2.6929e+02
2.6912e+02
2.6895e+02
2.6877e+02
2.6860e+02
2.6843e+02
2.6826e+02
2.6809e+02
2.6792e+02
2.6776e+02
2.6760e+02
2.6744e+02
2.6729e+02
2.6713e+02
2.6698e+02
2.6684e+02
2.6670e+02
2.6656e+02
2.6642e+02
2.6629e+02
2.6616e+02
2.6603e+02
2.6590e+02
2.6578e+02
2.6566e+02
2.6554e+02
2.6543e+02
2.6532e+02
2.6521e+02
2.6510e+02
2.6500e+02
2.6490e+02
2.6480e+02
2.6470e+02
2.6460e+02
2.6451e+02
2.6442e+02
2.6433e+02
2.6425e+02
2.6416e+02
2.6408e+02
2.6400e+02
2.6392e+02
2.6384e+02
2.6377e+02
2.6369e+02
2.6362e+02
2.6355e+02
2.6348e+02
2.6341e+02
2.6335e+02
2.6328e+02
2.6322e+02
2.6316e+02
2.6310e+02
2.6304e+02
2.6298e+02
2.6292e+02
2.6287e+02
2.6281e+02
2.6276e+02
2.6271e+02
2.6266e+02
2.6261e+02
2.6256e+02
2.6251e+02
2.6246e+02
2.6242e+02
2.6237e+02
2.6233e+02
2.6228e+02
2.6224e+02
2.6220e+02
2.6216e+02
2.6212e+02
2.6208e+02
2.6204e+02
2.6201e+02
2.6197e+02
2.6193e+02
2.6190e+02
2.6187e+02
2.6183e+02
2.6180e+02
2.6177e+02
2.6173e+02
2.6170e+02
2.6167e+02
2.6164e+02
2.6161e+02
2.6158e+02
2.6156e+02
2.6153e+02
2.6150e+02
2.6148e+02
2.6145e+02
2.6142e+02
2.6140e+02
2.6137e+02
2.6135e+02
2.6133e+02
2.6130e+02
2.6128e+02
2.6126e+02
2.6124e+02
2.6121e+02
2.6119e+02
2.6117e+02
2.6115e+02
2.6113e+02
2.6111e+02
2.6109e+02
2.6107e+02
2.6105e+02
2.6104e+02
2.6102e+02
2.6100e+02
2.6098e+02
2.6097e+02
2.6095e+02
2.6093e+02
2.6092e+02
2.6090e+02
2.6089e+02
2.6087e+02
2.6086e+02
2.6084e+02
2.6083e+02
0.0000e+00
0.0000e+00
0.0000e+00
0.0000e+00
0.0000e+00
0.0000e+00
0.0000e+00
0.0000e+00
0.0000e+00
0.0000e+00
0.0000e+00
0.0000e+00
0.0000e+00
0.0000e+00
0.0000e+00
0.0000e+00
0.0000e+00
0.0000e+00
0.0000e+00
0.0000e+00
0.0000e+00
0.0000e+00
0.0000e+00
0.0000e+00
0.0000e+00
0.0000e+00
0.0000e+00
0.0000e+00
0.0000e+00
0.0000e+00
0.0000e+00
0.0000e+00
0.0000e+00
0.0000e+00
0.0000e+00
0.0000e+00
0.0000e+00
0.0000e+00
0.0000e+00
0.0000e+00
0.0000e+00
0.0000e+00
0.0000e+00
0.0000e+00
0.0000e+00
0.0000e+00
0.0000e+00
0.0000e+00
0.0000e+00
0.0000e+00
0.0000e+00
0.0000e+00
0.0000e+00
0.0000e+00
0.0000e+00
0.0000e+00
0.0000e+00
0.0000e+00
0.0000e+00
0.0000e+00
0.0000e+00
0.0000e+00
0.0000e+00
0.0000e+00
0.0000e+00
0.0000e+00
0.0000e+00
0.0000e+00
0.0000e+00
0.0000e+00
0.0000e+00
0.0000e+00
0.0000e+00
0.0000e+00
0.0000e+00
0.0000e+00
0.0000e+00
0.0000e+00
0.0000e+00
0.0000e+00
0.0000e+00
0.0000e+00
0.0000e+00
0.0000e+00
0.0000e+00
0.0000e+00
0.0000e+00
0.0000e+00
0.0000e+00
0.0000e+00
0.0000e+00
0.0000e+00
0.0000e+00
0.0000e+00
0.0000e+00
0.0000e+00
0.0000e+00
0.0000e+00
0.0000e+00
0.0000e+00
0.0000e+00
0.0000e+00
0.0000e+00
0.0000e+00
0.0000e+00
0.0000e+00
0.0000e+00
0.0000e+00
0.0000e+00
0.0000e+00
0.0000e+00
0.0000e+00
0.0000e+00
0.0000e+00
0.0000e+00
0.0000e+00
0.0000e+00
0.0000e+00
0.0000e+00
0.0000e+00
0.0000e+00
0.0000e+00
0.0000e+00
0.0000e+00
0.0000e+00
0.0000e+00
0.0000e+00
0.0000e+00
0.0000e+00
0.0000e+00
0.0000e+00
0.0000e+00
0.0000e+00
0.0000e+00
0.0000e+00
0.0000e+00
0.0000e+00
0.0000e+00
0.0000e+00
0.0000e+00
0.0000e+00
0.0000e+00
0.0000e+00
0.0000e+00
-5.6384e+00
-1.6060e+00
-1.8816e+00
-1.0942e+00
-1.1937e+00
-1.0090e+00
-8.4406e-01
-7.1646e-01
-6.1610e-01
-5.3548e-01
-4.6961e-01
-4.1503e-01
-3.6930e-01
-3.3145e-01
-2.9919e-01
-2.7429e-01
-2.5710e-01
-2.4117e-01
-2.2624e-01
-2.1252e-01
-1.9997e-01
-1.8851e-01
-1.7803e-01
-1.6842e-01
-1.5960e-01
-1.5147e-01
-1.4397e-01
-1.3704e-01
-1.3060e-01
-1.2462e-01
-1.1904e-01
-1.1384e-01
-1.0897e-01
-1.0440e-01
-1.0011e-01
-9.6078e-02
-9.2275e-02
-8.8686e-02
-8.5294e-02
-8.2083e-02
-7.9040e-02
-7.6153e-02
-7.3410e-02
-7.0802e-02
-6.8320e-02
-6.5954e-02
-6.3698e-02
-6.1545e-02
-5.9488e-02
-5.7522e-02
-5.5641e-02
-5.4141e-02
-5.2362e-02
-5.0639e-02
-4.9005e-02
-4.7450e-02
-4.5966e-02
-4.4544e-02
-4.3181e-02
-4.1873e-02
-4.0616e-02
-3.9408e-02
-3.8245e-02
-3.7126e-02
-3.6048e-02
-3.5010e-02
-3.4010e-02
-3.3045e-02
-3.2115e-02
-3.1217e-02
-3.0351e-02
-2.9514e-02
-2.8706e-02
-2.7926e-02
-2.7172e-02
-2.6443e-02
-2.5738e-02
-2.5056e-02
-2.4397e-02
-2.3758e-02
-2.3141e-02
-2.2543e-02
-2.1964e-02
-2.1403e-02
-2.0860e-02
-2.0333e-02
-1.9823e-02
-1.9329e-02
-1.8849e-02
-1.8384e-02
-1.7933e-02
-1.7496e-02
-1.7071e-02
-1.6659e-02
-1.6260e-02
-1.5871e-02
-1.5494e-02
-1.5128e-02
-1.4773e-02
-1.4427e-02
-1.4092e-02
-1.3766e-02
-1.3449e-02
-1.3141e-02
-1.2841e-02
-1.2550e-02
-1.2267e-02
-1.1991e-02
-1.1723e-02
-1.1462e-02
-1.1208e-02
-1.0961e-02
-1.0721e-02
-1.0487e-02
-1.0259e-02
-1.0037e-02
-9.8212e-03
-9.6108e-03
-9.4057e-03
-9.2060e-03
-9.0114e-03
-8.8217e-03
-8.6368e-03
-8.4567e-03
-8.2810e-03
-8.1098e-03
-7.9428e-03
-7.7799e-03
-7.6211e-03
-7.4662e-03
-7.3150e-03
-7.1676e-03
-7.0237e-03
-6.8833e-03
-6.7462e-03
-6.6125e-03
-6.4819e-03
-6.3544e-03
-6.2300e-03
-6.1084e-03
-5.9897e-03
-5.8738e-03
0.0000e+00
-1.3233e+01
-1.9080e+00
-7.7226e+00
-2.7635e+00
-3.3773e+00
-1.9667e+00
-1.3894e+00
-1.0585e+00
-8.4455e-01
-6.9617e-01
-5.8795e-01
-5.0597e-01
-4.4196e-01
-3.9230e-01
-3.5207e-01
-3.8638e-01
-4.9307e-01
-5.4372e-01
-5.6930e-01
-5.8036e-01
-5.8218e-01
-5.7789e-01
-5.6949e-01
-5.5834e-01
-5.4536e-01
-5.3123e-01
-5.1641e-01
-5.0126e-01
-4.8601e-01
-4.7085e-01
-4.5590e-01
-4.4126e-01
-4.2698e-01
-4.1311e-01
-3.9967e-01
-3.8668e-01
-3.7414e-01
-3.6205e-01
-3.5041e-01
-3.3920e-01
-3.2841e-01
-3.1804e-01
-3.0806e-01
-2.9846e-01
-2.8923e-01
-2.8036e-01
-2.7182e-01
-2.6360e-01
-2.5569e-01
-2.4808e-01
-2.4075e-01
-2.3396e-01
-2.2728e-01
-2.2075e-01
-2.1443e-01
-2.0831e-01
-2.0240e-01
-1.9669e-01
-1.9118e-01
-1.8587e-01
-1.8073e-01
-1.7578e-01
-1.7099e-01
-1.6636e-01
-1.6189e-01
-1.5757e-01
-1.5340e-01
-1.4936e-01
-1.4545e-01
-1.4167e-01
-1.3800e-01
-1.3446e-01
-1.3103e-01
-1.2770e-01
-1.2448e-01
-1.2136e-01
-1.1833e-01
-1.1540e-01
-1.1255e-01
-1.0980e-01
-1.0712e-01
-1.0452e-01
-1.0200e-01
-9.9552e-02
-9.7176e-02
-9.4869e-02
-9.2628e-02
-9.0451e-02
-8.8336e-02
-8.6281e-02
-8.4283e-02
-8.2341e-02
-8.0453e-02
-7.8617e-02
-7.6832e-02
-7.5096e-02
-7.3406e-02
-7.1763e-02
-7.0163e-02
-6.8606e-02
-6.7091e-02
-6.5616e-02
-6.4180e-02
-6.2781e-02
-6.1419e-02
-6.0092e-02
-5.8800e-02
-5.7541e-02
-5.6314e-02
-5.5118e-02
-5.3953e-02
-5.2817e-02
-5.1710e-02
-5.0630e-02
-4.9577e-02
-4.8551e-02
-4.7549e-02
-4.6573e-02
-4.5620e-02
-4.4690e-02
-4.3783e-02
-4.2898e-02
-4.2034e-02
-4.1191e-02
-4.0368e-02
-3.9565e-02
-3.8781e-02
-3.8015e-02
-3.7267e-02
-3.6536e-02
-3.5823e-02
-3.5126e-02
-3.4445e-02
-3.3780e-02
-3.3130e-02
-3.2495e-02
-3.1875e-02
-3.1268e-02
-3.0675e-02
-3.0096e-02
-2.9529e-02
-2.8975e-02
-1.1773e+00
-1.5441e+00
-1.6265e+00
-1.6371e+00
-1.5826e+00
-1.4885e+00
-1.3608e+00
-1.2099e+00
-1.0558e+00
-9.1478e-01
-7.9460e-01
-6.9618e-01
-6.1710e-01
-5.5387e-01
-5.0309e-01
-4.6187e-01
-4.2964e-01
-4.0781e-01
-3.9522e-01
-3.8867e-01
-3.8502e-01
-3.8211e-01
-3.7880e-01
-3.7459e-01
-3.6937e-01
-3.6321e-01
-3.5626e-01
-3.4870e-01
-3.4068e-01
-3.3236e-01
-3.2385e-01
-3.1526e-01
-3.0665e-01
-2.9810e-01
-2.8965e-01
-2.8134e-01
-2.7319e-01
-2.6522e-01
-2.5745e-01
-2.4988e-01
-2.4252e-01
-2.3538e-01
-2.2845e-01
-2.2173e-01
-2.1522e-01
-2.0892e-01
-2.0282e-01
-1.9692e-01
-1.9121e-01
-1.8569e-01
-1.8035e-01
-1.7519e-01
-1.7014e-01
-1.6536e-01
-1.6075e-01
-1.5629e-01
-1.5196e-01
-1.4776e-01
-1.4369e-01
-1.3974e-01
-1.3592e-01
-1.3222e-01
-1.2863e-01
-1.2516e-01
-1.2180e-01
-1.1855e-01
-1.1540e-01
-1.1235e-01
-1.0940e-01
-1.0654e-01
-1.0377e-01
-1.0109e-01
-9.8490e-02
-9.5971e-02
-9.3530e-02
-9.1164e-02
-8.8869e-02
-8.6645e-02
-8.4487e-02
-8.2395e-02
-8.0364e-02
-7.8394e-02
-7.6483e-02
-7.4627e-02
-7.2826e-02
-7.1076e-02
-6.9378e-02
-6.7728e-02
-6.6126e-02
-6.4569e-02
-6.3056e-02
-6.1586e-02
-6.0157e-02
-5.8767e-02
-5.7416e-02
-5.6103e-02
-5.4825e-02
-5.3583e-02
-5.2374e-02
-5.1197e-02
-5.0052e-02
-4.8938e-02
-4.7854e-02
-4.6798e-02
-4.5770e-02
-4.4769e-02
-4.3794e-02
-4.2845e-02
-4.1920e-02
-4.1019e-02
-4.0141e-02
-3.9285e-02
-3.8451e-02
-3.7638e-02
-3.6846e-02
-3.6073e-02
-3.5320e-02
-3.4585e-02
-3.3869e-02
-3.3170e-02
-3.2488e-02
-3.1823e-02
-3.1174e-02
-3.0541e-02
-2.9923e-02
-2.9320e-02
-2.8732e-02
-2.8157e-02
-2.7596e-02
-2.7048e-02
-2.6513e-02
-2.5991e-02
-2.5481e-02
-2.4982e-02
-2.4496e-02
-2.4020e-02
-2.3555e-02
-2.3101e-02
-2.2658e-02
-2.2224e-02
-2.1801e-02
-2.1386e-02
-2.0982e-02
-3.4810e-02
-8.6051e-02
-1.3518e-01
-1.7982e-01
-2.1935e-01
-2.5319e-01
-2.8109e-01
-3.0277e-01
-3.1857e-01
-3.2924e-01
-3.3568e-01
-3.3872e-01
-3.3903e-01
-3.3716e-01
-3.3352e-01
-3.2846e-01
-3.2233e-01
-3.1551e-01
-3.0838e-01
-3.0117e-01
-2.9399e-01
-2.8688e-01
-2.7986e-01
-2.7292e-01
-2.6607e-01
-2.5932e-01
-2.5267e-01
-2.4612e-01
-2.3969e-01
-2.3337e-01
-2.2717e-01
-2.2110e-01
-2.1516e-01
-2.0936e-01
-2.0368e-01
-1.9814e-01
-1.9273e-01
-1.8746e-01
-1.8232e-01
-1.7731e-01
-1.7244e-01
-1.6770e-01
-1.6309e-01
-1.5861e-01
-1.5425e-01
-1.5001e-01
-1.4590e-01
-1.4191e-01
-1.3803e-01
-1.3427e-01
-1.3062e-01
-1.2708e-01
-1.2362e-01
-1.2040e-01
-1.1720e-01
-1.1407e-01
-1.1103e-01
-1.0807e-01
-1.0521e-01
-1.0243e-01
-9.9740e-02
-9.7127e-02
-9.4594e-02
-9.2136e-02
-8.9753e-02
-8.7441e-02
-8.5200e-02
-8.3025e-02
-8.0915e-02
-7.8869e-02
-7.6884e-02
-7.4957e-02
-7.3088e-02
-7.1274e-02
-6.9513e-02
-6.7804e-02
-6.6145e-02
-6.4535e-02
-6.2971e-02
-6.1452e-02
-5.9977e-02
-5.8543e-02
-5.7151e-02
-5.5799e-02
-5.4484e-02
-5.3206e-02
-5.1964e-02
-5.0757e-02
-4.9583e-02
-4.8442e-02
-4.7332e-02
-4.6252e-02
-4.5202e-02
-4.4180e-02
-4.3185e-02
-4.2217e-02
-4.1275e-02
-4.0359e-02
-3.9466e-02
-3.8597e-02
-3.7750e-02
-3.6926e-02
-3.6123e-02
-3.5341e-02
-3.4579e-02
-3.3836e-02
-3.3113e-02
-3.2407e-02
-3.1720e-02
-3.1050e-02
-3.0397e-02
-2.9760e-02
-2.9138e-02
-2.8533e-02
-2.7942e-02
-2.7365e-02
-2.6803e-02
-2.6254e-02
-2.5719e-02
-2.5196e-02
-2.4687e-02
-2.4189e-02
-2.3703e-02
-2.3229e-02
-2.2766e-02
-2.2314e-02
-2.1872e-02
-2.1441e-02
-2.1020e-02
-2.0608e-02
-2.0206e-02
-1.9814e-02
-1.9430e-02
-1.9055e-02
-1.8689e-02
-1.8331e-02
-1.7981e-02
-1.7639e-02
-1.7304e-02
-1.6978e-02
-1.6658e-02
-1.6345e-02
-1.6040e-02
-1.6561e-02
-5.3380e-02
-1.0665e-01
-1.6893e-01
-2.3364e-01
-2.9588e-01
-3.5295e-01
-4.0360e-01
-4.4755e-01
-4.8503e-01
-5.1651e-01
-5.4255e-01
-5.6369e-01
-5.8048e-01
-5.9342e-01
-6.0296e-01
-6.0954e-01
-6.1352e-01
-6.1525e-01
-6.1504e-01
-6.1318e-01
-6.0992e-01
-6.0548e-01
-6.0006e-01
-5.9382e-01
-5.8690e-01
-5.7943e-01
-5.7152e-01
-5.6324e-01
-5.5468e-01
-5.4590e-01
-5.3696e-01
-5.2790e-01
-5.1878e-01
-5.0961e-01
-5.0043e-01
-4.9128e-01
-4.8216e-01
-4.7309e-01
-4.6410e-01
-4.5520e-01
-4.4639e-01
-4.3768e-01
-4.2909e-01
-4.2062e-01
-4.1228e-01
-4.0406e-01
-3.9598e-01
-3.8803e-01
-3.8021e-01
-3.7253e-01
-3.6500e-01
-3.5740e-01
-3.5004e-01
-3.4286e-01
-3.3583e-01
-3.2896e-01
-3.2224e-01
-3.1565e-01
-3.0921e-01
-3.0289e-01
-2.9671e-01
-2.9066e-01
-2.8473e-01
-2.7893e-01
-2.7325e-01
-2.6769e-01
-2.6225e-01
-2.5693e-01
-2.5171e-01
-2.4661e-01
-2.4162e-01
-2.3673e-01
-2.3195e-01
-2.2727e-01
-2.2269e-01
-2.1821e-01
-2.1382e-01
-2.0953e-01
-2.0533e-01
-2.0123e-01
-1.9721e-01
-1.9328e-01
-1.8943e-01
-1.8566e-01
-1.8198e-01
-1.7838e-01
-1.7485e-01
-1.7140e-01
-1.6803e-01
-1.6472e-01
-1.6149e-01
-1.5833e-01
-1.5524e-01
-1.5221e-01
-1.4925e-01
-1.4635e-01
-1.4352e-01
-1.4074e-01
-1.3803e-01
-1.3537e-01
-1.3277e-01
-1.3023e-01
-1.2774e-01
-1.2531e-01
-1.2292e-01
-1.2059e-01
-1.1831e-01
-1.1607e-01
-1.1389e-01
-1.1174e-01
-1.0965e-01
-1.0760e-01
-1.0559e-01
-1.0363e-01
-1.0170e-01
-9.9819e-02
-9.7975e-02
-9.6170e-02
-9.4402e-02
-9.2672e-02
-9.0977e-02
-8.9318e-02
-8.7694e-02
-8.6103e-02
-8.4544e-02
-8.3019e-02
-8.1524e-02
-8.0060e-02
-7.8627e-02
-7.7222e-02
-7.5847e-02
-7.4499e-02
-7.3179e-02
-7.1886e-02
-7.0619e-02
-6.9378e-02
-6.8161e-02
-6.6969e-02
-6.5802e-02
-6.4657e-02
-6.3535e-02
-6.2436e-02
-1.2871e-01
-2.7732e-01
-4.1718e-01
-5.2906e-01
-6.1416e-01
-6.7250e-01
-7.1190e-01
-7.3577e-01
-7.4869e-01
-7.5341e-01
-7.5200e-01
-7.4606e-01
-7.3681e-01
-7.2521e-01
-7.1196e-01
-6.9760e-01
-6.8258e-01
-6.6715e-01
-6.5164e-01
-6.3628e-01
-6.2118e-01
-6.0646e-01
-5.9216e-01
-5.7830e-01
-5.6488e-01
-5.5190e-01
-5.3932e-01
-5.2714e-01
-5.1533e-01
-5.0387e-01
-4.9274e-01
-4.8192e-01
-4.7140e-01
-4.6115e-01
-4.5117e-01
-4.4144e-01
-4.3195e-01
-4.2270e-01
-4.1367e-01
-4.0485e-01
-3.9624e-01
-3.8783e-01
-3.7961e-01
-3.7159e-01
-3.6374e-01
-3.5607e-01
-3.4858e-01
-3.4125e-01
-3.3409e-01
-3.2709e-01
-3.2025e-01
-3.1356e-01
-3.0591e-01
-2.9978e-01
-2.9365e-01
-2.8762e-01
-2.8171e-01
-2.7593e-01
-2.7026e-01
-2.6471e-01
-2.5928e-01
-2.5397e-01
-2.4877e-01
-2.4369e-01
-2.3871e-01
-2.3385e-01
-2.2909e-01
-2.2443e-01
-2.1988e-01
-2.1543e-01
-2.1107e-01
-2.0682e-01
-2.0265e-01
-1.9858e-01
-1.9459e-01
-1.9069e-01
-1.8688e-01
-1.8315e-01
-1.7951e-01
-1.7594e-01
-1.7245e-01
-1.6904e-01
-1.6570e-01
-1.6244e-01
-1.5925e-01
-1.5612e-01
-1.5307e-01
-1.5008e-01
-1.4715e-01
-1.4429e-01
-1.4150e-01
-1.3876e-01
-1.3608e-01
-1.3346e-01
-1.3090e-01
-1.2839e-01
-1.2593e-01
-1.2353e-01
-1.2118e-01
-1.1888e-01
-1.1663e-01
-1.1443e-01
-1.1228e-01
-1.1017e-01
-1.0810e-01
-1.0608e-01
-1.0411e-01
-1.0217e-01
-1.0028e-01
-9.8421e-02
-9.6605e-02
-9.4827e-02
-9.3087e-02
-9.1383e-02
-8.9715e-02
-8.8081e-02
-8.6482e-02
-8.4915e-02
-8.3381e-02
-8.1879e-02
-8.0408e-02
-7.8967e-02
-7.7556e-02
-7.6173e-02
-7.4819e-02
-7.3493e-02
-7.2193e-02
-7.0920e-02
-6.9673e-02
-6.8451e-02
-6.7253e-02
-6.6080e-02
-6.4930e-02
-6.3803e-02
-6.2699e-02
-6.1617e-02
-6.0556e-02
-5.9517e-02
-5.8498e-02
-5.7499e-02
-5.6520e-02
-5.5560e-02
-5.4619e-02
-5.1737e-02
-1.2569e-01
-2.0481e-01
-2.8122e-01
-3.5027e-01
-4.0836e-01
-4.5474e-01
-4.8907e-01
-5.1268e-01
-5.2737e-01
-5.3505e-01
-5.3740e-01
-5.3580e-01
-5.3132e-01
-5.2478e-01
-5.1676e-01
-5.0779e-01
-4.9830e-01
-4.8871e-01
-4.7923e-01
-4.6994e-01
-4.6087e-01
-4.5198e-01
-4.4326e-01
-4.3468e-01
-4.2622e-01
-4.1788e-01
-4.0965e-01
-4.0153e-01
-3.9352e-01
-3.8562e-01
-3.7784e-01
-3.7018e-01
-3.6264e-01
-3.5523e-01
-3.4795e-01
-3.4080e-01
-3.3378e-01
-3.2689e-01
-3.2013e-01
-3.1350e-01
-3.0701e-01
-3.0065e-01
-2.9441e-01
-2.8831e-01
-2.8233e-01
-2.7648e-01
-2.7075e-01
-2.6515e-01
-2.5966e-01
-2.5429e-01
-2.4904e-01
-2.4335e-01
-2.3837e-01
-2.3349e-01
-2.2871e-01
-2.2404e-01
-2.1947e-01
-2.1500e-01
-2.1062e-01
-2.0635e-01
-2.0217e-01
-1.9807e-01
-1.9407e-01
-1.9016e-01
-1.8633e-01
-1.8258e-01
-1.7892e-01
-1.7534e-01
-1.7183e-01
-1.6840e-01
-1.6505e-01
-1.6177e-01
-1.5856e-01
-1.5543e-01
-1.5236e-01
-1.4936e-01
-1.4642e-01
-1.4355e-01
-1.4074e-01
-1.3799e-01
-1.3530e-01
-1.3267e-01
-1.3010e-01
-1.2758e-01
-1.2512e-01
-1.2271e-01
-1.2035e-01
-1.1804e-01
-1.1579e-01
-1.1358e-01
-1.1142e-01
-1.0930e-01
-1.0723e-01
-1.0521e-01
-1.0323e-01
-1.0129e-01
-9.9391e-02
-9.7533e-02
-9.5715e-02
-9.3935e-02
-9.2193e-02
-9.0487e-02
-8.8818e-02
-8.7183e-02
-8.5583e-02
-8.4016e-02
-8.2482e-02
-8.0980e-02
-7.9509e-02
-7.8068e-02
-7.6658e-02
-7.5276e-02
-7.3923e-02
-7.2598e-02
-7.1300e-02
-7.0029e-02
-6.8783e-02
-6.7563e-02
-6.6368e-02
-6.5197e-02
-6.4050e-02
-6.2926e-02
-6.1825e-02
-6.0746e-02
-5.9688e-02
-5.8652e-02
-5.7636e-02
-5.6641e-02
-5.5666e-02
-5.4709e-02
-5.3772e-02
-5.2853e-02
-5.1952e-02
-5.1069e-02
-5.0204e-02
-4.9355e-02
-4.8523e-02
-4.7707e-02
-4.6907e-02
-4.6122e-02
-4.5352e-02
-4.4598e-02
-2.0763e-03
-2.1752e-02
-5.0062e-02
-8.3626e-02
-1.1978e-01
-1.5591e-01
-1.9023e-01
-2.2130e-01
-2.4834e-01
-2.7107e-01
-2.8953e-01
-3.0401e-01
-3.1493e-01
-3.2274e-01
-3.2789e-01
-3.3078e-01
-3.3179e-01
-3.3128e-01
-3.2958e-01
-3.2696e-01
-3.2365e-01
-3.1982e-01
-3.1561e-01
-3.1111e-01
-3.0638e-01
-3.0149e-01
-2.9649e-01
-2.9140e-01
-2.8625e-01
-2.8108e-01
-2.7589e-01
-2.7072e-01
-2.6556e-01
-2.6044e-01
-2.5537e-01
-2.5034e-01
-2.4537e-01
-2.4047e-01
-2.3563e-01
-2.3087e-01
-2.2619e-01
-2.2158e-01
-2.1705e-01
-2.1260e-01
-2.0824e-01
-2.0396e-01
-1.9976e-01
-1.9564e-01
-1.9160e-01
-1.8765e-01
-1.8377e-01
-1.7998e-01
-1.7597e-01
-1.7226e-01
-1.6871e-01
-1.6525e-01
-1.6187e-01
-1.5856e-01
-1.5533e-01
-1.5216e-01
-1.4906e-01
-1.4602e-01
-1.4305e-01
-1.4015e-01
-1.3731e-01
-1.3453e-01
-1.3181e-01
-1.2915e-01
-1.2655e-01
-1.2400e-01
-1.2151e-01
-1.1908e-01
-1.1670e-01
-1.1437e-01
-1.1210e-01
-1.0987e-01
-1.0769e-01
-1.0556e-01
-1.0348e-01
-1.0144e-01
-9.9451e-02
-9.7502e-02
-9.5596e-02
-9.3732e-02
-9.1908e-02
-9.0124e-02
-8.8379e-02
-8.6672e-02
-8.5002e-02
-8.3369e-02
-8.1770e-02
-8.0207e-02
-7.8677e-02
-7.7180e-02
-7.5715e-02
-7.4282e-02
-7.2880e-02
-7.1507e-02
-7.0164e-02
-6.8850e-02
-6.7564e-02
-6.6305e-02
-6.5072e-02
-6.3866e-02
-6.2685e-02
-6.1529e-02
-6.0398e-02
-5.9290e-02
-5.8206e-02
-5.7144e-02
-5.6104e-02
-5.5086e-02
-5.4089e-02
-5.3113e-02
-5.2157e-02
-5.1221e-02
-5.0304e-02
-4.9406e-02
-4.8526e-02
-4.7664e-02
-4.6820e-02
-4.5993e-02
-4.5183e-02
-4.4389e-02
-4.3611e-02
-4.2849e-02
-4.2103e-02
-4.1371e-02
-4.0654e-02
-3.9951e-02
-3.9263e-02
-3.8587e-02
-3.7926e-02
-3.7277e-02
-3.6641e-02
-3.6018e-02
-3.5407e-02
-3.4808e-02
-3.4221e-02
-3.3645e-02
-3.3080e-02
-3.2526e-02
-3.1983e-02
2.8023e-03
-2.3554e-03
-1.1021e-02
-2.2889e-02
-3.7331e-02
-5.3458e-02
-7.0380e-02
-8.7235e-02
-1.0331e-01
-1.1806e-01
-1.3113e-01
-1.4235e-01
-1.5165e-01
-1.5911e-01
-1.6482e-01
-1.6895e-01
-1.7168e-01
-1.7317e-01
-1.7364e-01
-1.7325e-01
-1.7218e-01
-1.7057e-01
-1.6854e-01
-1.6619e-01
-1.6360e-01
-1.6084e-01
-1.5795e-01
-1.5498e-01
-1.5195e-01
-1.4890e-01
-1.4584e-01
-1.4278e-01
-1.3974e-01
-1.3673e-01
-1.3375e-01
-1.3081e-01
-1.2791e-01
-1.2506e-01
-1.2226e-01
-1.1951e-01
-1.1682e-01
-1.1418e-01
-1.1159e-01
-1.0906e-01
-1.0658e-01
-1.0416e-01
-1.0179e-01
-9.9478e-02
-9.7218e-02
-9.5011e-02
-9.2856e-02
-9.0752e-02
-8.8585e-02
-8.6608e-02
-8.4668e-02
-8.2770e-02
-8.0915e-02
-7.9105e-02
-7.7337e-02
-7.5613e-02
-7.3932e-02
-7.2291e-02
-7.0691e-02
-6.9131e-02
-6.7609e-02
-6.6125e-02
-6.4678e-02
-6.3266e-02
-6.1890e-02
-6.0547e-02
-5.9238e-02
-5.7960e-02
-5.6714e-02
-5.5499e-02
-5.4313e-02
-5.3156e-02
-5.2028e-02
-5.0926e-02
-4.9852e-02
-4.8803e-02
-4.7780e-02
-4.6781e-02
-4.5807e-02
-4.4856e-02
-4.3927e-02
-4.3021e-02
-4.2136e-02
-4.1272e-02
-4.0428e-02
-3.9604e-02
-3.8800e-02
-3.8015e-02
-3.7247e-02
-3.6498e-02
-3.5766e-02
-3.5052e-02
-3.4353e-02
-3.3671e-02
-3.3004e-02
-3.2353e-02
-3.1716e-02
-3.1094e-02
-3.0487e-02
-2.9892e-02
-2.9312e-02
-2.8744e-02
-2.8189e-02
-2.7647e-02
-2.7116e-02
-2.6598e-02
-2.6091e-02
-2.5595e-02
-2.5110e-02
-2.4635e-02
-2.4171e-02
-2.3718e-02
-2.3274e-02
-2.2840e-02
-2.2415e-02
-2.1999e-02
-2.1592e-02
-2.1194e-02
-2.0805e-02
-2.0424e-02
-2.0051e-02
-1.9686e-02
-1.9328e-02
-1.8979e-02
-1.8636e-02
-1.8301e-02
-1.7973e-02
-1.7651e-02
-1.7336e-02
-1.7028e-02
-1.6726e-02
-1.6431e-02
-1.6141e-02
-1.5858e-02
-1.5580e-02
-1.5308e-02
-1.5041e-02
-1.4780e-02
-1.4524e-02
2.2677e-03
1.7718e-03
1.5801e-03
1.4712e-03
1.3929e-03
1.3347e-03
1.2847e-03
1.2437e-03
1.2098e-03
1.1813e-03
1.1572e-03
1.1366e-03
1.1188e-03
1.1033e-03
1.0898e-03
1.0780e-03
1.0675e-03
1.0581e-03
1.0497e-03
1.0421e-03
1.0352e-03
1.0289e-03
1.0232e-03
1.0179e-03
1.0130e-03
1.0086e-03
1.0044e-03
1.0005e-03
9.9694e-04
9.9357e-04
9.9042e-04
9.8747e-04
9.8468e-04
9.8206e-04
9.7959e-04
9.7724e-04
9.7502e-04
9.7291e-04
9.7091e-04
9.6900e-04
9.6719e-04
9.6545e-04
9.6380e-04
9.6221e-04
9.6069e-04
9.5924e-04
9.5785e-04
9.5651e-04
9.5523e-04
9.5399e-04
9.5280e-04
9.5166e-04
9.5056e-04
9.4949e-04
9.4846e-04
9.4747e-04
9.4652e-04
9.4560e-04
9.4471e-04
9.4385e-04
9.4302e-04
9.4221e-04
9.4143e-04
9.4068e-04
9.3995e-04
9.3924e-04
9.3856e-04
9.3790e-04
9.3725e-04
9.3663e-04
9.3603e-04
9.3544e-04
9.3487e-04
9.3432e-04
9.3378e-04
9.3326e-04
9.3275e-04
9.3226e-04
9.3178e-04
9.3132e-04
9.3086e-04
9.3042e-04
9.3000e-04
9.2958e-04
9.2917e-04
9.2878e-04
9.2839e-04
9.2802e-04
9.2766e-04
9.2730e-04
9.2696e-04
9.2662e-04
9.2629e-04
9.2597e-04
9.2566e-04
9.2535e-04
9.2506e-04
9.2477e-04
9.2449e-04
9.2421e-04
9.2394e-04
9.2368e-04
9.2342e-04
9.2317e-04
9.2293e-04
9.2269e-04
9.2246e-04
9.2223e-04
9.2201e-04
9.2179e-04
9.2158e-04
9.2137e-04
9.2117e-04
9.2097e-04
9.2078e-04
9.2059e-04
9.2041e-04
9.2023e-04
9.2005e-04
9.1988e-04
9.1971e-04
9.1954e-04
9.1938e-04
9.1922e-04
9.1907e-04
9.1891e-04
9.1877e-04
9.1862e-04
9.1848e-04
9.1834e-04
9.1820e-04
9.1807e-04
9.1794e-04
9.1781e-04
9.1768e-04
9.1756e-04
9.1744e-04
9.1732e-04
9.1721e-04
9.1709e-04
9.1698e-04
9.1687e-04
9.1677e-04
9.1666e-04
4.5902e-03
3.0475e-03
2.2846e-03
1.9877e-03
1.7330e-03
1.5571e-03
1.4288e-03
1.3267e-03
1.2415e-03
1.1692e-03
1.1071e-03
1.0532e-03
1.0059e-03
9.6415e-04
9.2702e-04
8.9439e-04
8.6534e-04
8.3887e-04
8.1435e-04
7.9154e-04
7.7028e-04
7.5040e-04
7.3177e-04
7.1427e-04
6.9778e-04
6.8223e-04
6.6753e-04
6.5361e-04
6.4039e-04
6.2784e-04
6.1589e-04
6.0450e-04
5.9364e-04
5.8326e-04
5.7334e-04
5.6384e-04
5.5474e-04
5.4601e-04
5.3763e-04
5.2959e-04
5.2185e-04
5.1442e-04
5.0726e-04
5.0036e-04
4.9372e-04
4.8732e-04
4.8114e-04
4.7518e-04
4.6943e-04
4.6387e-04
4.5850e-04
4.5331e-04
4.4829e-04
4.4340e-04
4.3868e-04
4.3411e-04
4.2970e-04
4.2542e-04
4.2128e-04
4.1727e-04
4.1338e-04
4.0962e-04
4.0596e-04
4.0242e-04
3.9898e-04
3.9564e-04
3.9240e-04
3.8925e-04
3.8619e-04
3.8323e-04
3.8034e-04
3.7754e-04
3.7481e-04
3.7216e-04
3.6958e-04
3.6708e-04
3.6464e-04
3.6227e-04
3.5996e-04
3.5771e-04
3.5552e-04
3.5339e-04
3.5132e-04
3.4930e-04
3.4733e-04
3.4541e-04
3.4354e-04
3.4172e-04
3.3994e-04
3.3821e-04
3.3653e-04
3.3488e-04
3.3327e-04
3.3171e-04
3.3018e-04
3.2869e-04
3.2723e-04
3.2581e-04
3.2443e-04
3.2307e-04
3.2175e-04
3.2046e-04
3.1920e-04
3.1797e-04
3.1677e-04
3.1559e-04
3.1445e-04
3.1333e-04
3.1223e-04
3.1116e-04
3.1011e-04
3.0909e-04
3.0808e-04
3.0711e-04
3.0615e-04
3.0521e-04
3.0430e-04
3.0340e-04
3.0252e-04
3.0166e-04
3.0082e-04
3.0000e-04
2.9920e-04
2.9841e-04
2.9764e-04
2.9689e-04
2.9615e-04
2.9542e-04
2.9471e-04
2.9402e-04
2.9334e-04
2.9267e-04
2.9202e-04
2.9138e-04
2.9076e-04
2.9014e-04
2.8954e-04
2.8895e-04
2.8837e-04
2.8781e-04
2.8725e-04
2.8671e-04
2.8617e-04
2.8565e-04
2.2389e-03
1.7612e-03
1.2095e-03
1.1038e-03
7.9343e-04
7.2924e-04
3.8324e-04
2.9298e-04
2.3037e-04
1.8266e-04
1.4454e-04
1.1308e-04
8.6483e-05
6.3581e-05
4.3567e-05
2.5509e-05
9.1069e-06
0.0000e+00
0.0000e+00
0.0000e+00
0.0000e+00
0.0000e+00
0.0000e+00
0.0000e+00
0.0000e+00
0.0000e+00
0.0000e+00
0.0000e+00
0.0000e+00
0.0000e+00
0.0000e+00
0.0000e+00
0.0000e+00
0.0000e+00
0.0000e+00
0.0000e+00
0.0000e+00
0.0000e+00
0.0000e+00
0.0000e+00
0.0000e+00
0.0000e+00
0.0000e+00
0.0000e+00
0.0000e+00
0.0000e+00
0.0000e+00
0.0000e+00
0.0000e+00
0.0000e+00
0.0000e+00
0.0000e+00
0.0000e+00
0.0000e+00
0.0000e+00
0.0000e+00
0.0000e+00
0.0000e+00
0.0000e+00
0.0000e+00
0.0000e+00
0.0000e+00
0.0000e+00
0.0000e+00
0.0000e+00
0.0000e+00
0.0000e+00
0.0000e+00
0.0000e+00
0.0000e+00
0.0000e+00
0.0000e+00
0.0000e+00
0.0000e+00
0.0000e+00
0.0000e+00
0.0000e+00
0.0000e+00
0.0000e+00
0.0000e+00
0.0000e+00
0.0000e+00
0.0000e+00
0.0000e+00
0.0000e+00
0.0000e+00
0.0000e+00
0.0000e+00
0.0000e+00
0.0000e+00
0.0000e+00
0.0000e+00
0.0000e+00
0.0000e+00
0.0000e+00
0.0000e+00
0.0000e+00
0.0000e+00
0.0000e+00
0.0000e+00
0.0000e+00
0.0000e+00
0.0000e+00
0.0000e+00
0.0000e+00
0.0000e+00
0.0000e+00
0.0000e+00
0.0000e+00
0.0000e+00
0.0000e+00
0.0000e+00
0.0000e+00
0.0000e+00
0.0000e+00
0.0000e+00
0.0000e+00
0.0000e+00
0.0000e+00
0.0000e+00
0.0000e+00
0.0000e+00
0.0000e+00
0.0000e+00
0.0000e+00
0.0000e+00
0.0000e+00
0.0000e+00
0.0000e+00
0.0000e+00
0.0000e+00
0.0000e+00
0.0000e+00
0.0000e+00
0.0000e+00
0.0000e+00
0.0000e+00
0.0000e+00
0.0000e+00
0.0000e+00
0.0000e+00
0.0000e+00
0.0000e+00
0.0000e+00
0.0000e+00
0.0000e+00
0.0000e+00
0.0000e+00
0.0000e+00
0.0000e+00
0.0000e+00
0.0000e+00
0.0000e+00
0.0000e+00
0.0000e+00
0.0000e+00
0.0000e+00
0.0000e+00
0.0000e+00
0.0000e+00
0.0000e+00
0.0000e+00
0.0000e+00
0.0000e+00
0.0000e+00
0.0000e+00
0.0000e+00
0.0000e+00
0.0000e+00
0.0000e+00
0.0000e+00
0.0000e+00
0.0000e+00
0.0000e+00
0.0000e+00
0.0000e+00
0.0000e+00
0.0000e+00
0.0000e+00
0.0000e+00
0.0000e+00
0.0000e+00
0.0000e+00
0.0000e+00
0.0000e+00
0.0000e+00
0.0000e+00
0.0000e+00
0.0000e+00
0.0000e+00
0.0000e+00
0.0000e+00
0.0000e+00
0.0000e+00
0.0000e+00
0.0000e+00
0.0000e+00
0.0000e+00
0.0000e+00
0.0000e+00
0.0000e+00
0.0000e+00
0.0000e+00
0.0000e+00
0.0000e+00
0.0000e+00
0.0000e+00
0.0000e+00
0.0000e+00
0.0000e+00
0.0000e+00
0.0000e+00
0.0000e+00
0.0000e+00
0.0000e+00
0.0000e+00
0.0000e+00
0.0000e+00
0.0000e+00
0.0000e+00
0.0000e+00
0.0000e+00
0.0000e+00
0.0000e+00
0.0000e+00
0.0000e+00
0.0000e+00
0.0000e+00
0.0000e+00
0.0000e+00
0.0000e+00
0.0000e+00
0.0000e+00
0.0000e+00
0.0000e+00
0.0000e+00
0.0000e+00
0.0000e+00
0.0000e+00
0.0000e+00
0.0000e+00
0.0000e+00
0.0000e+00
0.0000e+00
0.0000e+00
0.0000e+00
0.0000e+00
0.0000e+00
0.0000e+00
0.0000e+00
0.0000e+00
0.0000e+00
0.0000e+00
0.0000e+00
0.0000e+00
0.0000e+00
0.0000e+00
0.0000e+00
0.0000e+00
0.0000e+00
0.0000e+00
0.0000e+00
0.0000e+00
0.0000e+00
0.0000e+00
0.0000e+00
0.0000e+00
0.0000e+00
0.0000e+00
0.0000e+00
0.0000e+00
0.0000e+00
0.0000e+00
0.0000e+00
0.0000e+00
0.0000e+00
0.0000e+00
0.0000e+00
0.0000e+00
0.0000e+00
0.0000e+00
0.0000e+00
0.0000e+00
0.0000e+00
0.0000e+00
0.0000e+00
0.0000e+00
0.0000e+00
1.7527e-07
1.6954e-07
1.6337e-07
1.5211e-07
1.3584e-07
1.1498e-07
9.0042e-08
6.1651e-08
3.0452e-08
0.0000e+00
0.0000e+00
0.0000e+00
0.0000e+00
0.0000e+00
0.0000e+00
0.0000e+00
0.0000e+00
0.0000e+00
0.0000e+00
0.0000e+00
0.0000e+00
0.0000e+00
0.0000e+00
0.0000e+00
0.0000e+00
0.0000e+00
0.0000e+00
0.0000e+00
0.0000e+00
0.0000e+00
0.0000e+00
0.0000e+00
0.0000e+00
0.0000e+00
0.0000e+00
0.0000e+00
0.0000e+00
0.0000e+00
0.0000e+00
0.0000e+00
0.0000e+00
0.0000e+00
0.0000e+00
0.0000e+00
0.0000e+00
0.0000e+00
0.0000e+00
0.0000e+00
0.0000e+00
0.0000e+00
0.0000e+00
0.0000e+00
0.0000e+00
0.0000e+00
0.0000e+00
0.0000e+00
0.0000e+00
0.0000e+00
0.0000e+00
0.0000e+00
0.0000e+00
0.0000e+00
0.0000e+00
0.0000e+00
0.0000e+00
0.0000e+00
0.0000e+00
0.0000e+00
0.0000e+00
0.0000e+00
0.0000e+00
0.0000e+00
0.0000e+00
0.0000e+00
0.0000e+00
0.0000e+00
0.0000e+00
0.0000e+00
0.0000e+00
0.0000e+00
0.0000e+00
0.0000e+00
0.0000e+00
0.0000e+00
0.0000e+00
0.0000e+00
0.0000e+00
0.0000e+00
0.0000e+00
0.0000e+00
0.0000e+00
0.0000e+00
0.0000e+00
0.0000e+00
0.0000e+00
0.0000e+00
0.0000e+00
0.0000e+00
0.0000e+00
0.0000e+00
0.0000e+00
0.0000e+00
0.0000e+00
0.0000e+00
0.0000e+00
0.0000e+00
0.0000e+00
0.0000e+00
0.0000e+00
0.0000e+00
0.0000e+00
0.0000e+00
0.0000e+00
0.0000e+00
0.0000e+00
0.0000e+00
0.0000e+00
0.0000e+00
0.0000e+00
0.0000e+00
0.0000e+00
0.0000e+00
0.0000e+00
0.0000e+00
0.0000e+00
0.0000e+00
0.0000e+00
0.0000e+00
0.0000e+00
0.0000e+00
0.0000e+00
0.0000e+00
0.0000e+00
0.0000e+00
0.0000e+00
0.0000e+00
0.0000e+00
0.0000e+00
0.0000e+00
0.0000e+00
0.0000e+00
0.0000e+00
0.0000e+00
0.0000e+00
