-0.016560596552
-0.053380176266
-0.106648210595
-0.168928265539
-0.233639666953
-0.295876931173
-0.352953718299
-0.403602302308
-0.447547309830
-0.485029634773
-0.516514123939
-0.542547167612
-0.563688450690
-0.580477110781
-0.593415638105
-0.602963717058
-0.609540616741
-0.613520513816
-0.615248044479
-0.615038965726
-0.613177766292
-0.609917330656
-0.605479643888
-0.600057564214
-0.593817391196
-0.586901836327
-0.579433046702
-0.571515451134
-0.563238312091
-0.554677947226
-0.545899630790
-0.536959207128
-0.527904455480
-0.518776244533
-0.509609510972
-0.500434091134
-0.491275429880
-0.482155186505
-0.473091753890
-0.464100704249
-0.455195172508
-0.446386186486
-0.437682951599
-0.429093096589
-0.420622885780
-0.412277402564
-0.404060708123
-0.395975978836
-0.388025625288
-0.380211395444
-0.372534464134
-0.364995510735
-0.357399233822
-0.350042411398
-0.342855775176
-0.335832824711
-0.328963091214
-0.322238848431
-0.315654959993
-0.309207817183
-0.302894585981
-0.296712782601
-0.290660061973
-0.284734124150
-0.278932679766
-0.273253442270
-0.267694130682
-0.262252475288
-0.256926223184
-0.251713142671
-0.246611026354
-0.241617693206
-0.236730989838
-0.231948791269
-0.227269001352
-0.222689553030
-0.218208408478
-0.213823559206
-0.209533026139
-0.205334859706
-0.201227139924
-0.197207976483
-0.193275508834
-0.189427906268
-0.185663367983
-0.181980123139
-0.178376430885
-0.174850580369
-0.171400890726
-0.168025711028
-0.164723420218
-0.161492427010
-0.158331169763
-0.155238116331
-0.152211763882
-0.149250638697
-0.146353295941
-0.143518319418
-0.140744321299
-0.138029941837
-0.135373849059
-0.132774738446
-0.130231332600
-0.127742380892
-0.125306659104
-0.122922969059
-0.120590138241
-0.118307019410
-0.116072490207
-0.113885452758
-0.111744833269
-0.109649581623
-0.107598670965
-0.105591097298
-0.103625879070
-0.101702056758
-0.099818692463
-0.097974869496
-0.096169691969
-0.094402284390
-0.092671791262
-0.090977376672
-0.089318223907
-0.087693535046
-0.086102530584
-0.084544449034
-0.083018546553
-0.081524096565
-0.080060389386
-0.078626731863
-0.077222447007
-0.075846873645
-0.074499366062
-0.073179293663
-0.071886040629
-0.070619005590
-0.069377601291
-0.068161254277
-0.066969404574
-0.065801505378
-0.064657022756
-0.063535435344
-0.062436234056
