-0.034810055121
-0.086051306855
-0.135182016114
-0.179822622755
-0.219350204527
-0.253186470385
-0.281090936249
-0.302773590693
-0.318568524263
-0.329238070156
-0.335678357789
-0.338716762602
-0.339032899979
-0.337161439268
-0.333524677741
-0.328464311962
-0.322328070025
-0.315510741863
-0.308381521486
-0.301170054826
-0.293988824154
-0.286880325894
-0.279856465757
-0.272920071745
-0.266073550245
-0.259321057768
-0.252668210709
-0.246121229992
-0.239686210966
-0.233368669721
-0.227173326799
-0.221104048080
-0.215163873887
-0.209355089042
-0.203679305868
-0.198137545542
-0.192730311495
-0.187457652975
-0.182319219276
-0.177314306009
-0.172441895124
-0.167700689887
-0.163089146215
-0.158605501130
-0.154247798959
-0.150013915720
-0.145901581952
-0.141908404126
-0.138031884692
-0.134269440871
-0.130618422121
-0.127076126345
-0.123623023554
-0.120396839689
-0.117195366525
-0.114067365470
-0.111026524972
-0.108074931167
-0.105211436372
-0.102433948869
-0.099740106715
-0.097127488352
-0.094593680618
-0.092136301284
-0.089753007379
-0.087441499210
-0.085199523300
-0.083024874927
-0.080915400404
-0.078868999054
-0.076883624761
-0.074957287178
-0.073088052467
-0.071274043701
-0.069513440920
-0.067804480893
-0.066145456628
-0.064534716658
-0.062970664143
-0.061451755878
-0.059976501106
-0.058543460307
-0.057151243869
-0.055798510750
-0.054483967070
-0.053206364694
-0.051964499830
-0.050757211555
-0.049583380431
-0.048441927091
-0.047331810843
-0.046252028325
-0.045201612147
-0.044179629599
-0.043185181387
-0.042217400363
-0.041275450374
-0.040358525065
-0.039465846731
-0.038596665285
-0.037750257158
-0.036925924286
-0.036122993150
-0.035340813829
-0.034578759071
-0.033836223442
-0.033112622468
-0.032407391841
-0.031719986628
-0.031049880551
-0.030396565234
-0.029759549552
-0.029138358944
-0.028532534808
-0.027941633873
-0.027365227612
-0.026802901718
-0.026254255537
-0.025718901558
-0.025196464940
-0.024686583019
-0.024188904886
-0.023703090899
-0.023228812333
-0.022765750925
-0.022313598532
-0.021872056740
-0.021440836526
-0.021019657901
-0.020608249609
-0.020206348816
-0.019813700770
-0.019430058581
-0.019055182886
-0.018688841632
-0.018330809773
-0.017980869079
-0.017638807864
-0.017304420770
-0.016977508570
-0.016657877930
-0.016345341233
-0.016039716376
