2.7002e+02
4.9974e+01
4.9985e+01
4.9992e+01
4.9998e+01
4.9970e+01
4.9997e+01
4.9990e+01
5.0034e+01
5.0112e+01
5.0028e+01
5.0070e+01
4.9924e+01
5.0007e+01
4.9953e+01
4.9952e+01
5.0028e+01
4.9922e+01
5.0032e+01
4.9973e+01
4.9959e+01
4.9992e+01
4.9932e+01
4.9890e+01
5.0037e+01
4.9895e+01
5.0005e+01
4.9994e+01
4.9905e+01
5.0011e+01
4.9968e+01
4.9968e+01
5.0045e+01
5.0003e+01
4.9999e+01
5.0042e+01
4.9983e+01
2.7004e+02
1.4998e+02
1.4351e+02
1.3967e+02
1.3668e+02
1.3400e+02
1.3188e+02
1.3000e+02
1.2844e+02
1.2725e+02
1.2633e+02
1.2532e+02
1.2459e+02
1.2399e+02
1.2338e+02
1.2300e+02
1.2251e+02
1.2220e+02
1.2187e+02
1.2171e+02
1.2147e+02
1.2137e+02
1.2109e+02
1.2094e+02
1.2090e+02
1.2068e+02
1.2064e+02
1.2050e+02
1.2044e+02
1.2026e+02
1.2039e+02
1.2031e+02
1.2026e+02
1.2021e+02
1.2013e+02
1.2011e+02
1.2013e+02
2.6990e+02
2.5002e+02
2.4445e+02
2.3877e+02
2.3314e+02
2.2778e+02
2.2295e+02
2.1891e+02
2.1542e+02
2.1238e+02
2.0974e+02
2.0772e+02
2.0582e+02
2.0418e+02
2.0289e+02
2.0164e+02
2.0077e+02
1.9990e+02
1.9918e+02
1.9851e+02
1.9802e+02
1.9764e+02
1.9715e+02
1.9675e+02
1.9648e+02
1.9620e+02
1.9616e+02
1.9578e+02
1.9567e+02
1.9547e+02
1.9535e+02
1.9529e+02
1.9522e+02
1.9508e+02
1.9502e+02
1.9488e+02
1.9489e+02
2.6858e+02
2.6861e+02
2.6832e+02
2.6795e+02
2.6759e+02
2.6704e+02
2.6653e+02
2.6590e+02
2.6548e+02
2.6507e+02
2.6470e+02
2.6438e+02
2.6413e+02
2.6382e+02
2.6358e+02
2.6342e+02
2.6321e+02
2.6314e+02
2.6301e+02
2.6284e+02
2.6286e+02
2.6270e+02
2.6260e+02
2.6262e+02
2.6249e+02
2.6249e+02
2.6246e+02
2.6235e+02
2.6233e+02
2.6235e+02
2.6227e+02
2.6232e+02
2.6226e+02
2.6223e+02
2.6225e+02
2.6224e+02
2.6218e+02
2.6830e+02
2.6823e+02
2.6825e+02
2.6804e+02
2.6772e+02
2.6745e+02
2.6721e+02
2.6677e+02
2.6656e+02
2.6626e+02
2.6595e+02
2.6568e+02
2.6553e+02
2.6541e+02
2.6534e+02
2.6498e+02
2.6502e+02
2.6481e+02
2.6481e+02
2.6476e+02
2.6457e+02
2.6465e+02
2.6449e+02
2.6451e+02
2.6445e+02
2.6444e+02
2.6436e+02
2.6434e+02
2.6440e+02
2.6423e+02
2.6422e+02
2.6435e+02
2.6423e+02
2.6423e+02
2.6422e+02
2.6429e+02
2.6428e+02
2.6543e+02
2.6535e+02
2.6388e+02
2.6169e+02
2.5940e+02
2.5710e+02
2.5484e+02
2.5250e+02
2.5058e+02
2.4873e+02
2.4692e+02
2.4542e+02
2.4400e+02
2.4248e+02
2.4134e+02
2.4022e+02
2.3915e+02
2.3828e+02
2.3738e+02
2.3657e+02
2.3599e+02
2.3524e+02
2.3468e+02
2.3407e+02
2.3355e+02
2.3313e+02
2.3272e+02
2.3228e+02
2.3192e+02
2.3163e+02
2.3123e+02
2.3088e+02
2.3072e+02
2.3050e+02
2.3019e+02
2.2998e+02
2.2982e+02
2.6618e+02
2.6607e+02
2.6494e+02
2.6314e+02
2.6099e+02
2.5887e+02
2.5686e+02
2.5492e+02
2.5306e+02
2.5138e+02
2.4981e+02
2.4846e+02
2.4700e+02
2.4574e+02
2.4477e+02
2.4374e+02
2.4287e+02
2.4197e+02
2.4125e+02
2.4036e+02
2.3993e+02
2.3930e+02
2.3879e+02
2.3829e+02
2.3771e+02
2.3739e+02
2.3701e+02
2.3669e+02
2.3631e+02
2.3595e+02
2.3571e+02
2.3541e+02
2.3518e+02
2.3493e+02
2.3473e+02
2.3452e+02
2.3443e+02
2.6892e+02
2.6881e+02
2.6792e+02
2.6661e+02
2.6540e+02
2.6419e+02
2.6297e+02
2.6193e+02
2.6097e+02
2.6004e+02
2.5918e+02
2.5841e+02
2.5784e+02
2.5706e+02
2.5665e+02
2.5603e+02
2.5546e+02
2.5509e+02
2.5473e+02
2.5441e+02
2.5404e+02
2.5372e+02
2.5346e+02
2.5325e+02
2.5300e+02
2.5278e+02
2.5254e+02
2.5241e+02
2.5226e+02
2.5214e+02
2.5206e+02
2.5183e+02
2.5177e+02
2.5164e+02
2.5147e+02
2.5131e+02
2.5126e+02
2.6998e+02
2.6979e+02
2.6895e+02
2.6796e+02
2.6699e+02
2.6624e+02
2.6545e+02
2.6483e+02
2.6429e+02
2.6377e+02
2.6338e+02
2.6294e+02
2.6269e+02
2.6226e+02
2.6204e+02
2.6171e+02
2.6158e+02
2.6124e+02
2.6106e+02
2.6087e+02
2.6081e+02
2.6066e+02
2.6052e+02
2.6035e+02
2.6024e+02
2.6001e+02
2.6001e+02
2.5994e+02
2.5981e+02
2.5975e+02
2.5974e+02
2.5971e+02
2.5953e+02
2.5946e+02
2.5941e+02
2.5936e+02
2.5931e+02
2.7079e+02
2.7076e+02
2.7057e+02
2.7041e+02
2.7033e+02
2.7017e+02
2.7012e+02
2.7002e+02
2.6999e+02
2.7000e+02
2.6981e+02
2.6980e+02
2.6981e+02
2.6984e+02
2.6986e+02
2.6975e+02
2.6972e+02
2.6971e+02
2.6972e+02
2.6969e+02
2.6966e+02
2.6958e+02
2.6959e+02
2.6958e+02
2.6959e+02
2.6967e+02
2.6958e+02
2.6957e+02
2.6961e+02
2.6955e+02
2.6961e+02
2.6953e+02
2.6953e+02
2.6954e+02
2.6950e+02
2.6945e+02
2.6951e+02
