-0.002076261761
-0.021751797410
-0.050061558408
-0.083625775082
-0.119781999997
-0.155909436397
-0.190227385229
-0.221298100344
-0.248343452069
-0.271066384670
-0.289525459588
-0.304010581146
-0.314932688779
-0.322743749905
-0.327888091636
-0.330777227872
-0.331794994116
-0.331283088599
-0.329575897194
-0.326955751548
-0.323647532419
-0.319822898815
-0.315610216421
-0.311105400232
-0.306381068592
-0.301493343059
-0.296486568312
-0.291396487777
-0.286252369652
-0.281078451720
-0.275894952526
-0.270718806039
-0.265564216658
-0.260443093538
-0.255365400395
-0.250339443378
-0.245372111582
-0.240469080108
-0.235634982689
-0.230873559089
-0.226187781368
-0.221579962254
-0.217051848313
-0.212604700143
-0.208239361475
-0.203956318759
-0.199755752605
-0.195637582226
-0.191601503854
-0.187647024000
-0.183773488241
-0.179980106172
-0.175970852809
-0.172260390064
-0.168706331522
-0.165249395386
-0.161870262333
-0.158562970044
-0.155325424707
-0.152156507010
-0.149055247511
-0.146020624014
-0.143051536763
-0.140146826297
-0.137305295396
-0.134525726178
-0.131806891880
-0.129147564712
-0.126546521114
-0.124002545391
-0.121514432343
-0.119080989249
-0.116701037431
-0.114373413509
-0.112096970435
-0.109870578346
-0.107693125267
-0.105563517678
-0.103480680977
-0.101443559830
-0.099451118443
-0.097502340749
-0.095596230517
-0.093731811411
-0.091908126983
-0.090124240614
-0.088379235427
-0.086672214141
-0.085002298912
-0.083368631128
-0.081770371192
-0.080206698273
-0.078676810053
-0.077179922443
-0.075715269298
-0.074282102116
-0.072879689733
-0.071507318007
-0.070164289501
-0.068849923162
-0.067563553994
-0.066304532737
-0.065072225539
-0.063866013631
-0.062685293009
-0.061529474109
-0.060397981494
-0.059290253530
-0.058205742088
-0.057143912227
-0.056104241892
-0.055086221626
-0.054089354262
-0.053113154645
-0.052157149343
-0.051220876372
-0.050303884921
-0.049405735081
-0.048525997592
-0.047664253573
-0.046820094281
-0.045993120857
-0.045182944088
-0.044389184171
-0.043611470482
-0.042849441348
-0.042102743829
-0.041371033503
-0.040653974252
-0.039951238059
-0.039262504807
-0.038587462085
-0.037925804992
-0.037277235949
-0.036641464527
-0.036018207258
-0.035407187467
-0.034808135101
-0.034220786564
-0.033644884560
-0.033080177926
-0.032526421491
-0.031983375916
