0.000000000000
-13.233304263525
-1.908044499394
-7.722640115690
-2.763487844691
-3.377300799884
-1.966719181840
-1.389394833689
-1.058480892686
-0.844552977996
-0.696168973812
-0.587953548897
-0.505966023125
-0.441959431597
-0.392298251437
-0.352067646936
-0.386378689657
-0.493068688614
-0.543715192663
-0.569295147083
-0.580360411078
-0.582184929730
-0.577893899685
-0.569494393320
-0.558337559871
-0.545360701035
-0.531226885527
-0.516411034288
-0.501255653809
-0.486008274120
-0.470847326171
-0.455900436929
-0.441257598306
-0.426980783880
-0.413111052659
-0.399673844597
-0.386682956277
-0.374143541795
-0.362054386822
-0.350409636122
-0.339200107711
-0.328414292518
-0.318039113924
-0.308060503187
-0.298463833623
-0.289234246209
-0.280356891214
-0.271817105708
-0.263600541521
-0.255693255011
-0.248081767873
-0.240753105777
-0.233963383653
-0.227282736674
-0.220752634685
-0.214425131148
-0.208306683788
-0.202396606750
-0.196690664553
-0.191182758502
-0.185865912140
-0.180732822418
-0.175776161072
-0.170988737606
-0.166363585357
-0.161894004725
-0.157573581817
-0.153396193085
-0.149356001814
-0.145447449862
-0.141665246947
-0.138004358519
-0.134459993169
-0.131027589950
-0.127702806011
-0.124481504631
-0.121359743794
-0.118333765301
-0.115399984646
-0.112554981266
-0.109795489516
-0.107118390234
-0.104520702701
-0.101999577239
-0.099552288187
-0.097176227367
-0.094868897957
-0.092627908698
-0.090450968547
-0.088335881566
-0.086280542172
-0.084282930672
-0.082341109013
-0.080453216911
-0.078617468006
-0.076832146409
-0.075095603392
-0.073406254225
-0.071762575213
-0.070163100989
-0.068606421700
-0.067091180685
-0.065616072022
-0.064179838273
-0.062781268412
-0.061419195768
-0.060092496121
-0.058800085887
-0.057540920434
-0.056313992351
-0.055118330005
-0.053952995979
-0.052817085663
-0.051709725967
-0.050630074015
-0.049577315881
-0.048550665525
-0.047549363610
-0.046572676460
-0.045619895054
-0.044690334128
-0.043783331131
-0.042898245465
-0.042034457603
-0.041191368250
-0.040368397646
-0.039564984801
-0.038780586801
-0.038014678082
-0.037266749912
-0.036536309636
-0.035822880221
-0.035125999549
-0.034445220013
-0.033780107900
-0.033130242957
-0.032495217884
-0.031874637851
-0.031268120129
-0.030675293625
-0.030095798453
-0.029529285597
-0.028975416533
