-1.177343128277
-1.544070472092
-1.626499498806
-1.637061330487
-1.582623129465
-1.488548811500
-1.360829230970
-1.209927159680
-1.055781162966
-0.914783234362
-0.794595429059
-0.696175063603
-0.617102403787
-0.553872890126
-0.503092021806
-0.461872943538
-0.429642295189
-0.407808013817
-0.395221582743
-0.388673592802
-0.385016995504
-0.382112420041
-0.378801837038
-0.374592563144
-0.369370305073
-0.363208884696
-0.356260300512
-0.348696608066
-0.340681820185
-0.332360137995
-0.323852603472
-0.315257808340
-0.306654332148
-0.298103715480
-0.289653389872
-0.281339312849
-0.273188224697
-0.265219525797
-0.257446809845
-0.249879101068
-0.242521844696
-0.235377695712
-0.228447144835
-0.221729014240
-0.215220849611
-0.208919229982
-0.202820012496
-0.196918525707
-0.191209722182
-0.185688298911
-0.180348792221
-0.175185652469
-0.170142481319
-0.165362646989
-0.160753415287
-0.156288523895
-0.151957863647
-0.147757570614
-0.143685471327
-0.139739464758
-0.135917085417
-0.132215467689
-0.128631427835
-0.125161565877
-0.121802356097
-0.118550218616
-0.115401572819
-0.112352875748
-0.109400648906
-0.106541496388
-0.103772116698
-0.101089309996
-0.098489982074
-0.095971146007
-0.093529922155
-0.091163537010
-0.088869321246
-0.086644707209
-0.084487226049
-0.082394504630
-0.080364262286
-0.078394307532
-0.076482534751
-0.074626920908
-0.072825522318
-0.071076471477
-0.069377973984
-0.067728305543
-0.066125809073
-0.064568891911
-0.063056023125
-0.061585730922
-0.060156600163
-0.058767269973
-0.057416431454
-0.056102825492
-0.054825240654
-0.053582511187
-0.052373515082
-0.051197172243
-0.050052442732
-0.048938325078
-0.047853854676
-0.046798102257
-0.045770172412
-0.044769202201
-0.043794359808
-0.042844843262
-0.041919879220
-0.041018721802
-0.040140651468
-0.039284973964
-0.038451019296
-0.037638140764
-0.036845714031
-0.036073136236
-0.035319825145
-0.034585218343
-0.033868772456
-0.033169962412
-0.032488280727
-0.031823236839
-0.031174356447
-0.030541180897
-0.029923266587
-0.029320184401
-0.028731519160
-0.028156869110
-0.027595845412
-0.027048071676
-0.026513183494
-0.025990828009
-0.025480663488
-0.024982358925
-0.024495593653
-0.024020056972
-0.023555447794
-0.023101474307
-0.022657853639
-0.022224311555
-0.021800582145
-0.021386407543
-0.020981537647
