0.000000000000
0.000000000000
0.000000000000
0.000000000000
0.000000000000
0.000000000000
0.000000000000
0.000000000000
0.000000000000
0.000000000000
0.000000000000
0.000000000000
0.000000000000
0.000000000000
0.000000000000
0.000000000000
0.000000000000
0.000000000000
0.000000000000
0.000000000000
0.000000000000
0.000000000000
0.000000000000
0.000000000000
0.000000000000
0.000000000000
0.000000000000
0.000000000000
0.000000000000
0.000000000000
0.000000000000
0.000000000000
0.000000000000
0.000000000000
0.000000000000
0.000000000000
0.000000000000
0.000000000000
0.000000000000
0.000000000000
0.000000000000
0.000000000000
0.000000000000
0.000000000000
0.000000000000
0.000000000000
0.000000000000
0.000000000000
0.000000000000
0.000000000000
0.000000000000
0.000000000000
0.000000000000
0.000000000000
0.000000000000
0.000000000000
0.000000000000
0.000000000000
0.000000000000
0.000000000000
0.000000000000
0.000000000000
0.000000000000
0.000000000000
0.000000000000
0.000000000000
0.000000000000
0.000000000000
0.000000000000
0.000000000000
0.000000000000
0.000000000000
0.000000000000
0.000000000000
0.000000000000
0.000000000000
0.000000000000
0.000000000000
0.000000000000
0.000000000000
0.000000000000
0.000000000000
0.000000000000
0.000000000000
0.000000000000
0.000000000000
0.000000000000
0.000000000000
0.000000000000
0.000000000000
0.000000000000
0.000000000000
0.000000000000
0.000000000000
0.000000000000
0.000000000000
0.000000000000
0.000000000000
0.000000000000
0.000000000000
0.000000000000
0.000000000000
0.000000000000
0.000000000000
0.000000000000
0.000000000000
0.000000000000
0.000000000000
0.000000000000
0.000000000000
0.000000000000
0.000000000000
0.000000000000
0.000000000000
0.000000000000
0.000000000000
0.000000000000
0.000000000000
0.000000000000
0.000000000000
0.000000000000
0.000000000000
0.000000000000
0.000000000000
0.000000000000
0.000000000000
0.000000000000
0.000000000000
0.000000000000
0.000000000000
0.000000000000
0.000000000000
0.000000000000
0.000000000000
0.000000000000
0.000000000000
0.000000000000
0.000000000000
0.000000000000
0.000000000000
0.000000000000
0.000000000000
0.000000000000
0.000000000000
-5.638430376844
-1.605990199560
-1.881561782660
-1.094209912116
-1.193682820686
-1.008967800144
-0.844057315723
-0.716458987889
-0.616101301928
-0.535481666054
-0.469607240356
-0.415034120126
-0.369304371580
-0.331449197363
-0.299187984667
-0.274287323955
-0.257103366304
-0.241165362104
-0.226243097818
-0.212519603893
-0.199973481719
-0.188511433339
-0.178027664297
-0.168420419355
-0.159596525155
-0.151472441981
-0.143974073901
-0.137036081575
-0.130601011962
-0.124618395860
-0.119043886988
-0.113838475856
-0.108967789911
-0.104401480013
-0.100112687627
-0.096077584710
-0.092274977641
-0.088685966740
-0.085293653702
-0.082082890066
-0.079040060745
-0.076152897459
-0.073410317693
-0.070802285393
-0.068319690267
-0.065954242957
-0.063698383821
-0.061545203374
-0.059488372766
-0.057522082869
-0.055640990824
-0.054141210576
-0.052362209583
-0.050639050428
-0.049004763994
-0.047450121385
-0.045965544783
-0.044544282871
-0.043181426674
-0.041873115756
-0.040616112366
-0.039407582466
-0.038244979162
-0.037125976572
-0.036048429286
-0.035010345461
-0.034009867551
-0.033045257610
-0.032114885530
-0.031217219243
-0.030350816378
-0.029514316995
-0.028706437182
-0.027925963365
-0.027171747202
-0.026442700978
-0.025737793441
-0.025056046015
-0.024396529341
-0.023758360124
-0.023140698235
-0.022542744049
-0.021963735999
-0.021402948309
-0.020859688912
-0.020333297505
-0.019823143765
-0.019328625673
-0.018849167967
-0.018384220694
-0.017933257866
-0.017495776194
-0.017071293912
-0.016659349679
-0.016259501537
-0.015871325947
-0.015494416873
-0.015128384926
-0.014772856562
-0.014427473314
-0.014091891084
-0.013765779461
-0.013448821090
-0.013140711061
-0.012841156346
-0.012549875257
-0.012266596935
-0.011991060870
-0.011723016437
-0.011462222466
-0.011208446828
-0.010961466044
-0.010721064911
-0.010487036152
-0.010259180077
-0.010037304264
-0.009821223255
-0.009610758270
-0.009405736923
-0.009205992968
-0.009011366041
-0.008821701430
-0.008636849838
-0.008456667172
-0.008281014332
-0.008109757017
-0.007942765534
-0.007779914614
-0.007621083245
-0.007466154504
-0.007315015399
-0.007167556721
-0.007023672896
-0.006883261850
-0.006746224873
-0.006612466500
-0.006481894379
-0.006354419165
-0.006229954403
-0.006108416423
-0.005989724239
-0.005873799450
0.000000000000
-13.233304263525
-1.908044499394
-7.722640115690
-2.763487844691
-3.377300799884
-1.966719181840
-1.389394833689
-1.058480892686
-0.844552977996
-0.696168973812
-0.587953548897
-0.505966023125
-0.441959431597
-0.392298251437
-0.352067646936
-0.386378689657
-0.493068688614
-0.543715192663
-0.569295147083
-0.580360411078
-0.582184929730
-0.577893899685
-0.569494393320
-0.558337559871
-0.545360701035
-0.531226885527
-0.516411034288
-0.501255653809
-0.486008274120
-0.470847326171
-0.455900436929
-0.441257598306
-0.426980783880
-0.413111052659
-0.399673844597
-0.386682956277
-0.374143541795
-0.362054386822
-0.350409636122
-0.339200107711
-0.328414292518
-0.318039113924
-0.308060503187
-0.298463833623
-0.289234246209
-0.280356891214
-0.271817105708
-0.263600541521
-0.255693255011
-0.248081767873
-0.240753105777
-0.233963383653
-0.227282736674
-0.220752634685
-0.214425131148
-0.208306683788
-0.202396606750
-0.196690664553
-0.191182758502
-0.185865912140
-0.180732822418
-0.175776161072
-0.170988737606
-0.166363585357
-0.161894004725
-0.157573581817
-0.153396193085
-0.149356001814
-0.145447449862
-0.141665246947
-0.138004358519
-0.134459993169
-0.131027589950
-0.127702806011
-0.124481504631
-0.121359743794
-0.118333765301
-0.115399984646
-0.112554981266
-0.109795489516
-0.107118390234
-0.104520702701
-0.101999577239
-0.099552288187
-0.097176227367
-0.094868897957
-0.092627908698
-0.090450968547
-0.088335881566
-0.086280542172
-0.084282930672
-0.082341109013
-0.080453216911
-0.078617468006
-0.076832146409
-0.075095603392
-0.073406254225
-0.071762575213
-0.070163100989
-0.068606421700
-0.067091180685
-0.065616072022
-0.064179838273
-0.062781268412
-0.061419195768
-0.060092496121
-0.058800085887
-0.057540920434
-0.056313992351
-0.055118330005
-0.053952995979
-0.052817085663
-0.051709725967
-0.050630074015
-0.049577315881
-0.048550665525
-0.047549363610
-0.046572676460
-0.045619895054
-0.044690334128
-0.043783331131
-0.042898245465
-0.042034457603
-0.041191368250
-0.040368397646
-0.039564984801
-0.038780586801
-0.038014678082
-0.037266749912
-0.036536309636
-0.035822880221
-0.035125999549
-0.034445220013
-0.033780107900
-0.033130242957
-0.032495217884
-0.031874637851
-0.031268120129
-0.030675293625
-0.030095798453
-0.029529285597
-0.028975416533
-1.177343128277
-1.544070472092
-1.626499498806
-1.637061330487
-1.582623129465
-1.488548811500
-1.360829230970
-1.209927159680
-1.055781162966
-0.914783234362
-0.794595429059
-0.696175063603
-0.617102403787
-0.553872890126
-0.503092021806
-0.461872943538
-0.429642295189
-0.407808013817
-0.395221582743
-0.388673592802
-0.385016995504
-0.382112420041
-0.378801837038
-0.374592563144
-0.369370305073
-0.363208884696
-0.356260300512
-0.348696608066
-0.340681820185
-0.332360137995
-0.323852603472
-0.315257808340
-0.306654332148
-0.298103715480
-0.289653389872
-0.281339312849
-0.273188224697
-0.265219525797
-0.257446809845
-0.249879101068
-0.242521844696
-0.235377695712
-0.228447144835
-0.221729014240
-0.215220849611
-0.208919229982
-0.202820012496
-0.196918525707
-0.191209722182
-0.185688298911
-0.180348792221
-0.175185652469
-0.170142481319
-0.165362646989
-0.160753415287
-0.156288523895
-0.151957863647
-0.147757570614
-0.143685471327
-0.139739464758
-0.135917085417
-0.132215467689
-0.128631427835
-0.125161565877
-0.121802356097
-0.118550218616
-0.115401572819
-0.112352875748
-0.109400648906
-0.106541496388
-0.103772116698
-0.101089309996
-0.098489982074
-0.095971146007
-0.093529922155
-0.091163537010
-0.088869321246
-0.086644707209
-0.084487226049
-0.082394504630
-0.080364262286
-0.078394307532
-0.076482534751
-0.074626920908
-0.072825522318
-0.071076471477
-0.069377973984
-0.067728305543
-0.066125809073
-0.064568891911
-0.063056023125
-0.061585730922
-0.060156600163
-0.058767269973
-0.057416431454
-0.056102825492
-0.054825240654
-0.053582511187
-0.052373515082
-0.051197172243
-0.050052442732
-0.048938325078
-0.047853854676
-0.046798102257
-0.045770172412
-0.044769202201
-0.043794359808
-0.042844843262
-0.041919879220
-0.041018721802
-0.040140651468
-0.039284973964
-0.038451019296
-0.037638140764
-0.036845714031
-0.036073136236
-0.035319825145
-0.034585218343
-0.033868772456
-0.033169962412
-0.032488280727
-0.031823236839
-0.031174356447
-0.030541180897
-0.029923266587
-0.029320184401
-0.028731519160
-0.028156869110
-0.027595845412
-0.027048071676
-0.026513183494
-0.025990828009
-0.025480663488
-0.024982358925
-0.024495593653
-0.024020056972
-0.023555447794
-0.023101474307
-0.022657853639
-0.022224311555
-0.021800582145
-0.021386407543
-0.020981537647
-0.034810055121
-0.086051306855
-0.135182016114
-0.179822622755
-0.219350204527
-0.253186470385
-0.281090936249
-0.302773590693
-0.318568524263
-0.329238070156
-0.335678357789
-0.338716762602
-0.339032899979
-0.337161439268
-0.333524677741
-0.328464311962
-0.322328070025
-0.315510741863
-0.308381521486
-0.301170054826
-0.293988824154
-0.286880325894
-0.279856465757
-0.272920071745
-0.266073550245
-0.259321057768
-0.252668210709
-0.246121229992
-0.239686210966
-0.233368669721
-0.227173326799
-0.221104048080
-0.215163873887
-0.209355089042
-0.203679305868
-0.198137545542
-0.192730311495
-0.187457652975
-0.182319219276
-0.177314306009
-0.172441895124
-0.167700689887
-0.163089146215
-0.158605501130
-0.154247798959
-0.150013915720
-0.145901581952
-0.141908404126
-0.138031884692
-0.134269440871
-0.130618422121
-0.127076126345
-0.123623023554
-0.120396839689
-0.117195366525
-0.114067365470
-0.111026524972
-0.108074931167
-0.105211436372
-0.102433948869
-0.099740106715
-0.097127488352
-0.094593680618
-0.092136301284
-0.089753007379
-0.087441499210
-0.085199523300
-0.083024874927
-0.080915400404
-0.078868999054
-0.076883624761
-0.074957287178
-0.073088052467
-0.071274043701
-0.069513440920
-0.067804480893
-0.066145456628
-0.064534716658
-0.062970664143
-0.061451755878
-0.059976501106
-0.058543460307
-0.057151243869
-0.055798510750
-0.054483967070
-0.053206364694
-0.051964499830
-0.050757211555
-0.049583380431
-0.048441927091
-0.047331810843
-0.046252028325
-0.045201612147
-0.044179629599
-0.043185181387
-0.042217400363
-0.041275450374
-0.040358525065
-0.039465846731
-0.038596665285
-0.037750257158
-0.036925924286
-0.036122993150
-0.035340813829
-0.034578759071
-0.033836223442
-0.033112622468
-0.032407391841
-0.031719986628
-0.031049880551
-0.030396565234
-0.029759549552
-0.029138358944
-0.028532534808
-0.027941633873
-0.027365227612
-0.026802901718
-0.026254255537
-0.025718901558
-0.025196464940
-0.024686583019
-0.024188904886
-0.023703090899
-0.023228812333
-0.022765750925
-0.022313598532
-0.021872056740
-0.021440836526
-0.021019657901
-0.020608249609
-0.020206348816
-0.019813700770
-0.019430058581
-0.019055182886
-0.018688841632
-0.018330809773
-0.017980869079
-0.017638807864
-0.017304420770
-0.016977508570
-0.016657877930
-0.016345341233
-0.016039716376
-0.016560596552
-0.053380176266
-0.106648210595
-0.168928265539
-0.233639666953
-0.295876931173
-0.352953718299
-0.403602302308
-0.447547309830
-0.485029634773
-0.516514123939
-0.542547167612
-0.563688450690
-0.580477110781
-0.593415638105
-0.602963717058
-0.609540616741
-0.613520513816
-0.615248044479
-0.615038965726
-0.613177766292
-0.609917330656
-0.605479643888
-0.600057564214
-0.593817391196
-0.586901836327
-0.579433046702
-0.571515451134
-0.563238312091
-0.554677947226
-0.545899630790
-0.536959207128
-0.527904455480
-0.518776244533
-0.509609510972
-0.500434091134
-0.491275429880
-0.482155186505
-0.473091753890
-0.464100704249
-0.455195172508
-0.446386186486
-0.437682951599
-0.429093096589
-0.420622885780
-0.412277402564
-0.404060708123
-0.395975978836
-0.388025625288
-0.380211395444
-0.372534464134
-0.364995510735
-0.357399233822
-0.350042411398
-0.342855775176
-0.335832824711
-0.328963091214
-0.322238848431
-0.315654959993
-0.309207817183
-0.302894585981
-0.296712782601
-0.290660061973
-0.284734124150
-0.278932679766
-0.273253442270
-0.267694130682
-0.262252475288
-0.256926223184
-0.251713142671
-0.246611026354
-0.241617693206
-0.236730989838
-0.231948791269
-0.227269001352
-0.222689553030
-0.218208408478
-0.213823559206
-0.209533026139
-0.205334859706
-0.201227139924
-0.197207976483
-0.193275508834
-0.189427906268
-0.185663367983
-0.181980123139
-0.178376430885
-0.174850580369
-0.171400890726
-0.168025711028
-0.164723420218
-0.161492427010
-0.158331169763
-0.155238116331
-0.152211763882
-0.149250638697
-0.146353295941
-0.143518319418
-0.140744321299
-0.138029941837
-0.135373849059
-0.132774738446
-0.130231332600
-0.127742380892
-0.125306659104
-0.122922969059
-0.120590138241
-0.118307019410
-0.116072490207
-0.113885452758
-0.111744833269
-0.109649581623
-0.107598670965
-0.105591097298
-0.103625879070
-0.101702056758
-0.099818692463
-0.097974869496
-0.096169691969
-0.094402284390
-0.092671791262
-0.090977376672
-0.089318223907
-0.087693535046
-0.086102530584
-0.084544449034
-0.083018546553
-0.081524096565
-0.080060389386
-0.078626731863
-0.077222447007
-0.075846873645
-0.074499366062
-0.073179293663
-0.071886040629
-0.070619005590
-0.069377601291
-0.068161254277
-0.066969404574
-0.065801505378
-0.064657022756
-0.063535435344
-0.062436234056
-0.128713016546
-0.277316740514
-0.417176161139
-0.529059321053
-0.614157191244
-0.672502193619
-0.711900098880
-0.735767800492
-0.748686402111
-0.753409727727
-0.751999832160
-0.746055296712
-0.736810024334
-0.725205698503
-0.711955975368
-0.697600251123
-0.682575490528
-0.667147150832
-0.651644683753
-0.636275767413
-0.621184668847
-0.606463295035
-0.592162079217
-0.578301762670
-0.564883454307
-0.551896239777
-0.539322515543
-0.527141526065
-0.515331597416
-0.503871473865
-0.492741060211
-0.481921783069
-0.471396715868
-0.461150563551
-0.451169568980
-0.441441380442
-0.431954904434
-0.422700158253
-0.413668130325
-0.404850652559
-0.396240286238
-0.387830221702
-0.379614191168
-0.371586393602
-0.363741430382
-0.356074250462
-0.348580103802
-0.341254501939
-0.334093184627
-0.327092091681
-0.320247339229
-0.313555199671
-0.305905972685
-0.299782873342
-0.293645527578
-0.287620212340
-0.281712810403
-0.275925043223
-0.270257404470
-0.264709427006
-0.259279962723
-0.253967415309
-0.248769907370
-0.243685392366
-0.238711727401
-0.233846720144
-0.229088159059
-0.224433832939
-0.219881543723
-0.215429114874
-0.211074396948
-0.206815271243
-0.202649652290
-0.198575489384
-0.194590767630
-0.190693508575
-0.186881770504
-0.183153648569
-0.179507274794
-0.175940817905
-0.172452483140
-0.169040511933
-0.165703181615
-0.162438805014
-0.159245730045
-0.156122339300
-0.153067049573
-0.150078311402
-0.147154608560
-0.144294457591
-0.141496407269
-0.138759038111
-0.136080961847
-0.133460820875
-0.130897287784
-0.128389064765
-0.125934883121
-0.123533502727
-0.121183711488
-0.118884324833
-0.116634185152
-0.114432161325
-0.112277148156
-0.110168065883
-0.108103859647
-0.106083498997
-0.104105977400
-0.102170311709
-0.100275541694
-0.098420729573
-0.096604959496
-0.094827337097
-0.093086989020
-0.091383062459
-0.089714724711
-0.088081162721
-0.086481582660
-0.084915209463
-0.083381286443
-0.081879074845
-0.080407853454
-0.078966918177
-0.077555581668
-0.076173172924
-0.074819036914
-0.073492534203
-0.072193040584
-0.070919946729
-0.069672657829
-0.068450593258
-0.067253186229
-0.066079883472
-0.064930144901
-0.063803443321
-0.062699264085
-0.061617104822
-0.060556475126
-0.059516896272
-0.058497900936
-0.057499032911
-0.056519846849
-0.055559907990
-0.054618791891
-0.051737303113
-0.125686406802
-0.204812160562
-0.281216135757
-0.350270482292
-0.408357358663
-0.454737226275
-0.489067565877
-0.512676289425
-0.527373521194
-0.535050958022
-0.537400039992
-0.535801518922
-0.531324911564
-0.524776712168
-0.516757305657
-0.507785120852
-0.498297981159
-0.488708012723
-0.479227866652
-0.469944135877
-0.460868906148
-0.451983021763
-0.443260359651
-0.434678357048
-0.426221086138
-0.417879023515
-0.409647693441
-0.401526162959
-0.393515753925
-0.385619059971
-0.377839247011
-0.370179582307
-0.362643135004
-0.355232599333
-0.347950202751
-0.340797670760
-0.333776228366
-0.326886624007
-0.320129166229
-0.313503766619
-0.307009984743
-0.300647072361
-0.294414015357
-0.288309572450
-0.282332310283
-0.276480634845
-0.270752819266
-0.265147028246
-0.259661339354
-0.254293761546
-0.249042251133
-0.243345082937
-0.238371594895
-0.233488161937
-0.228710063174
-0.224036873348
-0.219466545800
-0.214996681244
-0.210624842549
-0.206348690066
-0.202166011296
-0.198074708335
-0.194072775129
-0.190158276595
-0.186329332817
-0.182584108126
-0.178920804025
-0.175337654851
-0.171832925246
-0.168404908829
-0.165051927588
-0.161772331710
-0.158564499627
-0.155426838197
-0.152357782881
-0.149355797937
-0.146419376546
-0.143547040898
-0.140737342204
-0.137988860658
-0.135300205335
-0.132670014038
-0.130096953086
-0.127579717077
-0.125117028589
-0.122707637876
-0.120350322510
-0.118043887016
-0.115787162478
-0.113579006125
-0.111418300924
-0.109303955130
-0.107234901859
-0.105210098631
-0.103228526921
-0.101289191702
-0.099391120995
-0.097533365400
-0.095714997659
-0.093935112176
-0.092192824594
-0.090487271323
-0.088817609111
-0.087183014602
-0.085582683896
-0.084015832129
-0.082481693042
-0.080979518570
-0.079508578423
-0.078068159694
-0.076657566455
-0.075276119365
-0.073923155288
-0.072598026910
-0.071300102393
-0.070028764973
-0.068783412638
-0.067563457771
-0.066368326791
-0.065197459841
-0.064050310454
-0.062926345223
-0.061825043496
-0.060745897069
-0.059688409880
-0.058652097723
-0.057636487950
-0.056641119199
-0.055665541119
-0.054709314101
-0.053772009010
-0.052853206940
-0.051952498946
-0.051069485830
-0.050203777869
-0.049354994607
-0.048522764608
-0.047706725256
-0.046906522519
-0.046121810750
-0.045352252476
-0.044597518193
-0.002076261761
-0.021751797410
-0.050061558408
-0.083625775082
-0.119781999997
-0.155909436397
-0.190227385229
-0.221298100344
-0.248343452069
-0.271066384670
-0.289525459588
-0.304010581146
-0.314932688779
-0.322743749905
-0.327888091636
-0.330777227872
-0.331794994116
-0.331283088599
-0.329575897194
-0.326955751548
-0.323647532419
-0.319822898815
-0.315610216421
-0.311105400232
-0.306381068592
-0.301493343059
-0.296486568312
-0.291396487777
-0.286252369652
-0.281078451720
-0.275894952526
-0.270718806039
-0.265564216658
-0.260443093538
-0.255365400395
-0.250339443378
-0.245372111582
-0.240469080108
-0.235634982689
-0.230873559089
-0.226187781368
-0.221579962254
-0.217051848313
-0.212604700143
-0.208239361475
-0.203956318759
-0.199755752605
-0.195637582226
-0.191601503854
-0.187647024000
-0.183773488241
-0.179980106172
-0.175970852809
-0.172260390064
-0.168706331522
-0.165249395386
-0.161870262333
-0.158562970044
-0.155325424707
-0.152156507010
-0.149055247511
-0.146020624014
-0.143051536763
-0.140146826297
-0.137305295396
-0.134525726178
-0.131806891880
-0.129147564712
-0.126546521114
-0.124002545391
-0.121514432343
-0.119080989249
-0.116701037431
-0.114373413509
-0.112096970435
-0.109870578346
-0.107693125267
-0.105563517678
-0.103480680977
-0.101443559830
-0.099451118443
-0.097502340749
-0.095596230517
-0.093731811411
-0.091908126983
-0.090124240614
-0.088379235427
-0.086672214141
-0.085002298912
-0.083368631128
-0.081770371192
-0.080206698273
-0.078676810053
-0.077179922443
-0.075715269298
-0.074282102116
-0.072879689733
-0.071507318007
-0.070164289501
-0.068849923162
-0.067563553994
-0.066304532737
-0.065072225539
-0.063866013631
-0.062685293009
-0.061529474109
-0.060397981494
-0.059290253530
-0.058205742088
-0.057143912227
-0.056104241892
-0.055086221626
-0.054089354262
-0.053113154645
-0.052157149343
-0.051220876372
-0.050303884921
-0.049405735081
-0.048525997592
-0.047664253573
-0.046820094281
-0.045993120857
-0.045182944088
-0.044389184171
-0.043611470482
-0.042849441348
-0.042102743829
-0.041371033503
-0.040653974252
-0.039951238059
-0.039262504807
-0.038587462085
-0.037925804992
-0.037277235949
-0.036641464527
-0.036018207258
-0.035407187467
-0.034808135101
-0.034220786564
-0.033644884560
-0.033080177926
-0.032526421491
-0.031983375916
0.002802328991
-0.002355405043
-0.011021353264
-0.022889268075
-0.037330658192
-0.053458196989
-0.070379991424
-0.087235475832
-0.103307349114
-0.118056137531
-0.131129855993
-0.142345225798
-0.151654209997
-0.159107520705
-0.164821537146
-0.168951516209
-0.171678655213
-0.173173094229
-0.173639377212
-0.173254935082
-0.172184817077
-0.170573398159
-0.168542399926
-0.166191817685
-0.163602302650
-0.160838086662
-0.157949899839
-0.154977602626
-0.151952426259
-0.148898811685
-0.145835883442
-0.142778612524
-0.139738724496
-0.136725404180
-0.133745840644
-0.130805648210
-0.127909191971
-0.125059840056
-0.122260159885
-0.119512071597
-0.116816968732
-0.114175813805
-0.111589214585
-0.109057485465
-0.106580697273
-0.104158718035
-0.101791246635
-0.099477840817
-0.097217940683
-0.095010888544
-0.092855945776
-0.090752307248
-0.088585176899
-0.086608233876
-0.084668495031
-0.082770086718
-0.080915334882
-0.079104578137
-0.077337459927
-0.075613357080
-0.073931511782
-0.072291081921
-0.070691170057
-0.069130844849
-0.067609157608
-0.066125154763
-0.064677886848
-0.063266414747
-0.061889813870
-0.060547176849
-0.059237615196
-0.057960260263
-0.056714263729
-0.055498797782
-0.054313055103
-0.053156248711
-0.052027611745
-0.050926397175
-0.049851877481
-0.048803344319
-0.047780108160
-0.046781497929
-0.045806860622
-0.044855560931
-0.043926980862
-0.043020519342
-0.042135591832
-0.041271629936
-0.040428081015
-0.039604407794
-0.038800087976
-0.038014613859
-0.037247491952
-0.036498242604
-0.035766399623
-0.035051509918
-0.034353133133
-0.033670841292
-0.033004218454
-0.032352860367
-0.031716374141
-0.031094377911
-0.030486500529
-0.029892381241
-0.029311669395
-0.028744024138
-0.028189114127
-0.027646617250
-0.027116220358
-0.026597618992
-0.026090517131
-0.025594626937
-0.025109668518
-0.024635369690
-0.024171465743
-0.023717699226
-0.023273819732
-0.022839583683
-0.022414754136
-0.021999100579
-0.021592398748
-0.021194430438
-0.020804983328
-0.020423850806
-0.020050831805
-0.019685730635
-0.019328356832
-0.018978525003
-0.018636054680
-0.018300770174
-0.017972500439
-0.017651078941
-0.017336343520
-0.017028136276
-0.016726303436
-0.016430695239
-0.016141165826
-0.015857573127
-0.015579778747
-0.015307647876
-0.015041049170
-0.014779854670
-0.014523939698
-0.2267722554165016E-02
-0.1771808272150930E-02
-0.1580124256031071E-02
-0.1471215315595034E-02
-0.1392914127791720E-02
-0.1334745043177086E-02
-0.1284733538423706E-02
-0.1243711526687115E-02
-0.1209773920515286E-02
-0.1181328483972053E-02
-0.1157218348302478E-02
-0.1136590082687337E-02
-0.1118798676145326E-02
-0.1103346209107305E-02
-0.1089841412945311E-02
-0.1077966866490587E-02
-0.1067470195784104E-02
-0.1058121287241341E-02
-0.1049712492096010E-02
-0.1042111066813042E-02
-0.1035211908477831E-02
-0.1028926130306585E-02
-0.1023178024708500E-02
-0.1017902972284635E-02
-0.1013045660561568E-02
-0.1008558594968006E-02
-0.1004400864770249E-02
-0.1000537119573082E-02
-0.9969367181563310E-03
-0.9935730186519064E-03
-0.9904227850194645E-03
-0.9874656894878551E-03
-0.9846838943834916E-03
-0.9820616997886558E-03
-0.9795852459192230E-03
-0.9772422610971488E-03
-0.9750218478081482E-03
-0.9729143006497895E-03
-0.9709109510478602E-03
-0.9690040344954660E-03
-0.9671865767869037E-03
-0.9654522963075800E-03
-0.9637955199261682E-03
-0.9622111104352742E-03
-0.9606944038174779E-03
-0.9592411548884400E-03
-0.9578474900962760E-03
-0.9565098664469337E-03
-0.9552250356835313E-03
-0.9539900129809283E-03
-0.9528020495275694E-03
-0.9516586084609409E-03
-0.9505573437012165E-03
-0.9494906721013364E-03
-0.9484633759994743E-03
-0.9474733378500021E-03
-0.9465184129579451E-03
-0.9455967154719030E-03
-0.9447065736449228E-03
-0.9438464718861807E-03
-0.9430150147777973E-03
-0.9422109056583890E-03
-0.9414329329326623E-03
-0.9406799604427428E-03
-0.9399509200971870E-03
-0.9392448058650809E-03
-0.9385606686761697E-03
-0.9378976119752837E-03
-0.9372547877829946E-03
-0.9366313931676839E-03
-0.9360266670632487E-03
-0.9354398873842669E-03
-0.9348703684005947E-03
-0.9343174583409486E-03
-0.9337805371998686E-03
-0.9332590147263780E-03
-0.9327523285754866E-03
-0.9322599426064026E-03
-0.9317813453129715E-03
-0.9313160483737381E-03
-0.9308635853104682E-03
-0.9304235102451332E-03
-0.9299953967464786E-03
-0.9295788367582973E-03
-0.9291734396021674E-03
-0.9287788310484629E-03
-0.9283946524496669E-03
-0.9280205599311109E-03
-0.9276562236342075E-03
-0.9273013270080881E-03
-0.9269555661459048E-03
-0.9266186491621810E-03
-0.9262902956081771E-03
-0.9259702359224410E-03
-0.9256582109138698E-03
-0.9253539712749503E-03
-0.9250572771230595E-03
-0.9247678975677515E-03
-0.9244856103023806E-03
-0.9242102012181723E-03
-0.9239414640394921E-03
-0.9236791999786709E-03
-0.9234232174092731E-03
-0.9231733315565051E-03
-0.9229293642037444E-03
-0.9226911434141445E-03
-0.9224585032663810E-03
-0.9222312836037283E-03
-0.9220093297955430E-03
-0.9217924925105361E-03
-0.9215806275011142E-03
-0.9213735953980499E-03
-0.9211712615150556E-03
-0.9209734956625226E-03
-0.9207801719700676E-03
-0.9205911687172691E-03
-0.9204063681722281E-03
-0.9202256564375136E-03
-0.9200489233030452E-03
-0.9198760621056088E-03
-0.9197069695946354E-03
-0.9195415458039052E-03
-0.9193796939288574E-03
-0.9192213202092556E-03
-0.9190663338169421E-03
-0.9189146467483511E-03
-0.9187661737216788E-03
-0.9186208320782807E-03
-0.9184785416883185E-03
-0.9183392248603088E-03
-0.9182028062543597E-03
-0.9180692127990707E-03
-0.9179383736117480E-03
-0.9178102199219114E-03
-0.9176846849978331E-03
-0.9175617040760915E-03
-0.9174412142938873E-03
-0.9173231546240254E-03
-0.9172074658125248E-03
-0.9170940903185835E-03
-0.9169829722569451E-03
-0.9168740573424614E-03
-0.9167672928368148E-03
-0.9166626274972429E-03
-0.4590161381225726E-02
-0.2759220259781015E-02
-0.2256199783069665E-02
-0.1928621881699668E-02
-0.1733007429943568E-02
-0.1557093592449950E-02
-0.1428767695979066E-02
-0.1326674373280363E-02
-0.1241470411328157E-02
-0.1169207559778543E-02
-0.1107113127544479E-02
-0.1053179971449491E-02
-0.1005909555232180E-02
-0.9641545642804837E-03
-0.9270181807170664E-03
-0.8943855697359955E-03
-0.8653393533565072E-03
-0.8388653752864318E-03
-0.8143472725105024E-03
-0.7915431123677748E-03
-0.7702788281463448E-03
-0.7503996687201237E-03
-0.7317686131423516E-03
-0.7142653847219637E-03
-0.6977845574405552E-03
-0.6822336137577204E-03
-0.6675311929133670E-03
-0.6536055599219407E-03
-0.6403932821840014E-03
-0.6278380925547136E-03
-0.6158899164917567E-03
-0.6045040415997697E-03
-0.5936404094880612E-03
-0.5832630119200970E-03
-0.5733393754578011E-03
-0.5638401209778728E-03
-0.5547385864511968E-03
-0.5460105031638404E-03
-0.5376337171136278E-03
-0.5295879486441469E-03
-0.5218545844985797E-03
-0.5144164974169203E-03
-0.5072578891864190E-03
-0.5003641537105754E-03
-0.4937217572058791E-03
-0.4873181330926077E-03
-0.4811415895211797E-03
-0.4751812277945596E-03
-0.4694268702084483E-03
-0.4638689960547811E-03
-0.4584986847160680E-03
-0.4533075649376943E-03
-0.4482877694933591E-03
-0.4434009873509330E-03
-0.4386787494744901E-03
-0.4341138223212745E-03
-0.4296976616314637E-03
-0.4254228503313634E-03
-0.4212829124461196E-03
-0.4172720156790622E-03
-0.4133847919990049E-03
-0.4096162366340041E-03
-0.4059616480919992E-03
-0.4024165892897043E-03
-0.3989768599838473E-03
-0.3956384756479575E-03
-0.3923976503118630E-03
-0.3892507820302980E-03
-0.3861944402290751E-03
-0.3832253544767631E-03
-0.3803404043914288E-03
-0.3775366104874140E-03
-0.3748111258190818E-03
-0.3721612283153887E-03
-0.3695843137206485E-03
-0.3670778890729463E-03
-0.3646395666628548E-03
-0.3622670584246858E-03
-0.3599581707181445E-03
-0.3577107994640661E-03
-0.3555229256029719E-03
-0.3533926108479847E-03
-0.3513179937074541E-03
-0.3492972857553265E-03
-0.3473287681285628E-03
-0.3454107882352470E-03
-0.3435417566555407E-03
-0.3417201442229580E-03
-0.3399444792711839E-03
-0.3382133450351788E-03
-0.3365253771962537E-03
-0.3348792615601407E-03
-0.3332737318597716E-03
-0.3317075676745665E-03
-0.3301795924581120E-03
-0.3286886716675709E-03
-0.3272337109886132E-03
-0.3258136546493611E-03
-0.3244274838187578E-03
-0.3230742150832008E-03
-0.3217528989979581E-03
-0.3204626187079923E-03
-0.3192024886349415E-03
-0.3179716532259417E-03
-0.3167692857611163E-03
-0.3155945872164760E-03
-0.3144467851790304E-03
-0.3133251328115503E-03
-0.3122289078639289E-03
-0.3111574117289704E-03
-0.3101099685404358E-03
-0.3090859243104261E-03
-0.3080846461051877E-03
-0.3071055212562021E-03
-0.3061479566058439E-03
-0.3052113777850484E-03
-0.3042952285218928E-03
-0.3033989699795607E-03
-0.3025220801218642E-03
-0.3016640531054451E-03
-0.3008243986972431E-03
-0.3000026417159143E-03
-0.2991983214961158E-03
-0.2984109913746261E-03
-0.2976402181974096E-03
-0.2968855818464224E-03
-0.2961466747854408E-03
-0.2954231016237283E-03
-0.2947144786972762E-03
-0.2940204336665810E-03
-0.2933406051296970E-03
-0.2926746422510004E-03
-0.2920222044038156E-03
-0.2913829608271181E-03
-0.2907565902951631E-03
-0.2901427807999676E-03
-0.2895412292457896E-03
-0.2889516411548223E-03
-0.2883737303845278E-03
-0.2878072188549432E-03
-0.2872518362865095E-03
-0.2867073199474600E-03
-0.2861734144105933E-03
-0.2856498713188459E-03
-0.1459213796895602E-02
-0.4329570914578778E-03
-0.5779606240037321E-03
-0.2749211342507180E-03
-0.5304298742585913E-03
-0.3499075314297291E-03
-0.3832406426258484E-03
-0.2929833968284289E-03
-0.2303748467512282E-03
-0.1826601711185821E-03
-0.1445393977777151E-03
-0.1130786314966192E-03
-0.8648321419549979E-04
-0.6358082929132716E-04
-0.4356671600885608E-04
-0.2550909282057404E-04
-0.9106891391579301E-05
 0.0000000000000000E+00
 0.0000000000000000E+00
 0.0000000000000000E+00
 0.0000000000000000E+00
 0.0000000000000000E+00
 0.0000000000000000E+00
 0.0000000000000000E+00
 0.0000000000000000E+00
 0.0000000000000000E+00
 0.0000000000000000E+00
 0.0000000000000000E+00
 0.0000000000000000E+00
 0.0000000000000000E+00
 0.0000000000000000E+00
 0.0000000000000000E+00
 0.0000000000000000E+00
 0.0000000000000000E+00
 0.0000000000000000E+00
 0.0000000000000000E+00
 0.0000000000000000E+00
 0.0000000000000000E+00
 0.0000000000000000E+00
 0.0000000000000000E+00
 0.0000000000000000E+00
 0.0000000000000000E+00
 0.0000000000000000E+00
 0.0000000000000000E+00
 0.0000000000000000E+00
 0.0000000000000000E+00
 0.0000000000000000E+00
 0.0000000000000000E+00
 0.0000000000000000E+00
 0.0000000000000000E+00
 0.0000000000000000E+00
 0.0000000000000000E+00
 0.0000000000000000E+00
 0.0000000000000000E+00
 0.0000000000000000E+00
 0.0000000000000000E+00
 0.0000000000000000E+00
 0.0000000000000000E+00
 0.0000000000000000E+00
 0.0000000000000000E+00
 0.0000000000000000E+00
 0.0000000000000000E+00
 0.0000000000000000E+00
 0.0000000000000000E+00
 0.0000000000000000E+00
 0.0000000000000000E+00
 0.0000000000000000E+00
 0.0000000000000000E+00
 0.0000000000000000E+00
 0.0000000000000000E+00
 0.0000000000000000E+00
 0.0000000000000000E+00
 0.0000000000000000E+00
 0.0000000000000000E+00
 0.0000000000000000E+00
 0.0000000000000000E+00
 0.0000000000000000E+00
 0.0000000000000000E+00
 0.0000000000000000E+00
 0.0000000000000000E+00
 0.0000000000000000E+00
 0.0000000000000000E+00
 0.0000000000000000E+00
 0.0000000000000000E+00
 0.0000000000000000E+00
 0.0000000000000000E+00
 0.0000000000000000E+00
 0.0000000000000000E+00
 0.0000000000000000E+00
 0.0000000000000000E+00
 0.0000000000000000E+00
 0.0000000000000000E+00
 0.0000000000000000E+00
 0.0000000000000000E+00
 0.0000000000000000E+00
 0.0000000000000000E+00
 0.0000000000000000E+00
 0.0000000000000000E+00
 0.0000000000000000E+00
 0.0000000000000000E+00
 0.0000000000000000E+00
 0.0000000000000000E+00
 0.0000000000000000E+00
 0.0000000000000000E+00
 0.0000000000000000E+00
 0.0000000000000000E+00
 0.0000000000000000E+00
 0.0000000000000000E+00
 0.0000000000000000E+00
 0.0000000000000000E+00
 0.0000000000000000E+00
 0.0000000000000000E+00
 0.0000000000000000E+00
 0.0000000000000000E+00
 0.0000000000000000E+00
 0.0000000000000000E+00
 0.0000000000000000E+00
 0.0000000000000000E+00
 0.0000000000000000E+00
 0.0000000000000000E+00
 0.0000000000000000E+00
 0.0000000000000000E+00
 0.0000000000000000E+00
 0.0000000000000000E+00
 0.0000000000000000E+00
 0.0000000000000000E+00
 0.0000000000000000E+00
 0.0000000000000000E+00
 0.0000000000000000E+00
 0.0000000000000000E+00
 0.0000000000000000E+00
 0.0000000000000000E+00
 0.0000000000000000E+00
 0.0000000000000000E+00
 0.0000000000000000E+00
 0.0000000000000000E+00
 0.0000000000000000E+00
 0.0000000000000000E+00
 0.0000000000000000E+00
 0.0000000000000000E+00
 0.0000000000000000E+00
 0.0000000000000000E+00
 0.0000000000000000E+00
 0.0000000000000000E+00
 0.3861535191056649E-05
 0.3745936656551303E-05
 0.4021254777986009E-05
 0.3328179414485648E-05
 0.3511124175568022E-05
 0.3085908417283828E-05
 0.2813945609574789E-05
 0.2419839675820402E-05
 0.2031931723452990E-05
 0.1704270921828106E-05
 0.1442965263153510E-05
 0.1239122345809793E-05
 0.1080944732319626E-05
 0.9576453485043155E-06
 0.8604706178289226E-06
 0.7829579128849052E-06
 0.7200520757143935E-06
 0.6791937328431204E-06
 0.6670136406941436E-06
 0.6669564204352983E-06
 0.6695353791715206E-06
 0.6706927553762218E-06
 0.6689870292586332E-06
 0.6641771472919788E-06
 0.6565418122907339E-06
 0.6465484282701302E-06
 0.6346957508660498E-06
 0.6214443367924302E-06
 0.6071908415359906E-06
 0.5922634268907376E-06
 0.5769265995404155E-06
 0.5613895994121564E-06
 0.5458154836616389E-06
 0.5303296169618750E-06
 0.5150270725868626E-06
 0.4999788375492497E-06
 0.4852368928757648E-06
 0.4708383100175684E-06
 0.4568085207951522E-06
 0.4431639100334908E-06
 0.4299138618219727E-06
 0.4170623696328242E-06
 0.4046093006118549E-06
 0.3925513869584871E-06
 0.3808830025154932E-06
 0.3695967706451170E-06
 0.3586840396560260E-06
 0.3481352542880864E-06
 0.3379402456253534E-06
 0.3280884569405309E-06
 0.3185691191941604E-06
 0.3093713868983362E-06
 0.3004844428400644E-06
 0.2919963000968062E-06
 0.2838354032209828E-06
 0.2759130849416946E-06
 0.2682219655739201E-06
 0.2607614787897468E-06
 0.2535302960104244E-06
 0.2465256091365647E-06
 0.2397432852240248E-06
 0.2331781731173387E-06
 0.2268244134170575E-06
 0.2206757015338265E-06
 0.2147254918935216E-06
 0.2089671481480417E-06
 0.2033940497008092E-06
 0.1979996651600702E-06
 0.1927776015720010E-06
 0.1877216363623472E-06
 0.1828257370240886E-06
 0.1780840722397475E-06
 0.1734910170399139E-06
 0.1690411538171785E-06
 0.1647292705066544E-06
 0.1605503568498914E-06
 0.1564995993733899E-06
 0.1525723755518668E-06
 0.1487642474561278E-06
 0.1450709551376965E-06
 0.1414884099040637E-06
 0.1380126875665610E-06
 0.1346400218118707E-06
 0.1313667976615046E-06
 0.1281895451355714E-06
 0.1251049331007688E-06
 0.1221097633193950E-06
 0.1192009647454112E-06
 0.1163755879964037E-06
 0.1136308001015999E-06
 0.1109638794369193E-06
 0.1083722108789562E-06
 0.1058532811883551E-06
 0.1034046745703924E-06
 0.1010240684616245E-06
 0.9870922948814501E-07
 0.9645800960138607E-07
 0.9426834242203314E-07
 0.9213823972127719E-07
 0.9006578805822269E-07
 0.8804914562203698E-07
 0.8608653915102035E-07
 0.8417626103789132E-07
 0.8231666656628402E-07
 0.8050617126505096E-07
 0.7874324837660689E-07
 0.7702642646617835E-07
 0.7535428710964760E-07
 0.7372546271619014E-07
 0.7213863443584915E-07
 0.7059253016427147E-07
 0.6908592263883508E-07
 0.6761762762816015E-07
 0.6618650218353494E-07
 0.6479144299952416E-07
 0.6343138482484706E-07
 0.6210529894205496E-07
 0.6081219174546796E-07
 0.5955110334842913E-07
 0.5832110626133343E-07
 0.5712130414058041E-07
 0.5595083058549598E-07
 0.5480884798716385E-07
 0.5369454640871915E-07
 0.5260714256446022E-07
 0.5154587877804215E-07
 0.5051002204186028E-07
 0.4949886308595089E-07
 0.4851171549603338E-07
 0.4754791485279269E-07
 0.4660681794464011E-07
 0.4568780197499543E-07
 0.4479026381979821E-07
 0.4391361931877839E-07
 0.4305730258743172E-07
 0.4222076536656964E-07
 0.4140347638241298E-07
 0.4060492075856812E-07
 0.3982459942245006E-07
 0.3906202855593745E-07
 0.3831673906926354E-07
 0.3758827607523569E-07
 0.3687619840894059E-07
 0.3618007814887251E-07
-0.1738532206974769E-06
-0.1205612780194018E-06
-0.4809550479404533E-07
 0.2591838938628910E-07
 0.9875704407961034E-07
 0.1692702312365487E-06
 0.2363510309567123E-06
 0.2992292849363250E-06
 0.3568784210470504E-06
 0.4091936246249960E-06
 0.4566522367864753E-06
 0.4999356692044252E-06
 0.5396810039815281E-06
 0.5763915426076107E-06
 0.6104416963267266E-06
 0.6421144764414132E-06
 0.6716352883289628E-06
 0.6992830713007080E-06
 0.7254586373670277E-06
 0.7505522001030376E-06
 0.7748095562203761E-06
 0.7983473012958102E-06
 0.8212072870159256E-06
 0.8434019592894331E-06
 0.8649382310718719E-06
 0.8858262408508390E-06
 0.9060807627857154E-06
 0.9257200379103470E-06
 0.9447641987345832E-06
 0.9632340264814729E-06
 0.9811501587127171E-06
 0.9985326587365828E-06
 0.1015400823556708E-05
 0.1031773130270562E-05
 0.1047667253024283E-05
 0.1063100109770401E-05
 0.1078087916387927E-05
 0.1092646237627771E-05
 0.1106790030816780E-05
 0.1120533681462063E-05
 0.1133891031955959E-05
 0.1146875404714794E-05
 0.1159499621418626E-05
 0.1171776019563929E-05
 0.1183716467448960E-05
 0.1195332378170463E-05
 0.1206634723501665E-05
 0.1217634047504013E-05
 0.1228340480364161E-05
 0.1238763752388404E-05
 0.1248913208211144E-05
 0.1258797821057971E-05
 0.1268426207005204E-05
 0.1277933053398828E-05
 0.1287202887707024E-05
 0.1296157644850762E-05
 0.1304858612659080E-05
 0.1313331725861778E-05
 0.1321589560317825E-05
 0.1329640521053115E-05
 0.1337491554841723E-05
 0.1345148983636695E-05
 0.1352618775384186E-05
 0.1359906636773847E-05
 0.1367018047849757E-05
 0.1373958278100130E-05
 0.1380732397116760E-05
 0.1387345283514392E-05
 0.1393801633728770E-05
 0.1400105970476968E-05
 0.1406262651064248E-05
 0.1412275875253718E-05
 0.1418149692938830E-05
 0.1423888011005484E-05
 0.1429494600330984E-05
 0.1434973101790180E-05
 0.1440327032335179E-05
 0.1445559790395072E-05
 0.1450674661191661E-05
 0.1455674821454967E-05
 0.1460563344182646E-05
 0.1465343202877468E-05
 0.1470017275707325E-05
 0.1474588349152193E-05
 0.1479059121986404E-05
 0.1483432208459512E-05
 0.1487710141673894E-05
 0.1491895376779057E-05
 0.1495990293704202E-05
 0.1499997200188147E-05
 0.1503918334335201E-05
 0.1507755867242431E-05
 0.1511511905276299E-05
 0.1515188492572646E-05
 0.1518787613119284E-05
 0.1522311192956851E-05
 0.1525761102049681E-05
 0.1529139156401088E-05
 0.1532447119859141E-05
 0.1535686705702316E-05
 0.1538859578611799E-05
 0.1541967356112718E-05
 0.1545011610197517E-05
 0.1547993868833367E-05
 0.1550915617343823E-05
 0.1553778299855408E-05
 0.1556583320649253E-05
 0.1559332045322197E-05
 0.1562025802075852E-05
 0.1564665882996827E-05
 0.1567253545018551E-05
 0.1569790011107257E-05
 0.1572276471423559E-05
 0.1574714084051474E-05
 0.1577103976328560E-05
 0.1579447245493237E-05
 0.1581744959801045E-05
 0.1583998159300597E-05
 0.1586207856681948E-05
 0.1588375038172900E-05
 0.1590500664217526E-05
 0.1592585670371989E-05
 0.1594630967911131E-05
 0.1596637444622731E-05
 0.1598605965490717E-05
 0.1600537373293797E-05
 0.1602432489349132E-05
 0.1604292114056069E-05
 0.1606117027566617E-05
 0.1607907990273233E-05
 0.1609665743447062E-05
 0.1611391009784401E-05
 0.1613084493901160E-05
 0.1614746882817273E-05
 0.1616378846512957E-05
 0.1617981038434782E-05
 0.1619554095798235E-05
 0.1621098640220121E-05
 0.1622615278055670E-05
 0.1624104600848094E-05
 0.1625567185728071E-05
 0.1627003595798067E-05
 0.1628414380549099E-05
 0.1629800076220730E-05
