0
5
8
12
13
16
18
22
26
28
32
33
38
40
45
46
50
53
56
58
63
66
68
71
73
78
82
83
85
90
94
96
100
101
104
106
110
114
118
121
123
2
3
6
11
15
15
20
22
24
28
33
36
38
40
43
47
49
53
55
60
62
66
69
72
74
77
80
85
85
88
92
95
98
102
106
107
111
113
116
119
123
0
4
6
10
12
16
20
23
26
29
30
33
38
40
42
47
51
54
57
60
61
66
69
70
74
77
80
82
87
89
92
95
99
103
105
106
109
114
117
120
124
2
5
7
9
13
18
19
23
25
28
30
33
37
41
45
48
50
51
57
60
61
64
69
73
74
79
81
82
85
88
93
95
98
102
106
108
110
113
117
119
121
1
5
6
11
13
17
20
24
26
30
33
35
38
41
42
48
50
52
56
60
61
65
68
70
75
77
79
82
87
89
92
97
98
101
104
108
110
113
116
121
124
1
4
7
11
12
18
19
21
27
27
32
35
38
42
45
47
51
52
56
57
61
64
69
70
73
78
81
84
86
91
91
95
98
102
104
107
112
113
116
120
124
