 0.2700000000000000E+03  0.2700000000000000E+03  0.2700000000000000E+03  0.2686555992145040E+03  0.2683150192555710E+03  0.2655373731210110E+03  0.2661996256339400E+03  0.2690496827645440E+03  0.2700023393445410E+03  0.2708196086905490E+03
 0.5000000000000000E+02  0.1500000000000000E+03  0.2500000000000000E+03  0.2685741605048972E+03  0.2682932541000997E+03  0.2653183192638419E+03  0.2660355772683203E+03  0.2687661940412059E+03  0.2697912392437970E+03  0.2707278905366383E+03
 0.5000000000000000E+02  0.1435139553839357E+03  0.2443639238873494E+03  0.2683441391315426E+03  0.2681974930524534E+03  0.2638741324714073E+03  0.2648478431593398E+03  0.2678313773944093E+03  0.2690049088929278E+03  0.2705523887716169E+03
 0.5000000000000000E+02  0.1396303626755700E+03  0.2387662150956149E+03  0.2679920461596390E+03  0.2680205063527052E+03  0.2617516679996761E+03  0.2630240930947556E+03  0.2666155530248279E+03  0.2679978172469773E+03  0.2704019540126835E+03
 0.5000000000000000E+02  0.1366460802566639E+03  0.2331052713095210E+03  0.2675445977811181E+03  0.2677726361777459E+03  0.2594077060372733E+03  0.2609685190969095E+03  0.2653610600039929E+03  0.2670511587893668E+03  0.2702838036632506E+03
 0.5000000000000000E+02  0.1340739969896626E+03  0.2277433636937889E+03  0.2670406428900529E+03  0.2674749117310211E+03  0.2570458669939928E+03  0.2588728129771399E+03  0.2641457544668658E+03  0.2662236806646758E+03  0.2701886866960527E+03
 0.5000000000000000E+02  0.1318525399645338E+03  0.2229913597145905E+03  0.2665200702123041E+03  0.2671530288618310E+03  0.2547603887097714E+03  0.2568296132255375E+03  0.2629970367255843E+03  0.2655045154490458E+03  0.2701096772411780E+03
 0.5000000000000000E+02  0.1300190055247637E+03  0.2188843006873597E+03  0.2660141851863198E+03  0.2668298931719225E+03  0.2525952414193673E+03  0.2548848600313095E+03  0.2619256592546277E+03  0.2648736969061805E+03  0.2700425410509239E+03
 0.5000000000000000E+02  0.1285090451276454E+03  0.2153704992454464E+03  0.2655423348532315E+03  0.2665216083778430E+03  0.2505700088046611E+03  0.2530607959268338E+03  0.2609354327751099E+03  0.2643154643262518E+03  0.2699847294136076E+03
 0.5000000000000000E+02  0.1272575795171976E+03  0.2123769393351523E+03  0.2651138584270433E+03  0.2662373161638886E+03  0.2486911773616798E+03  0.2513663029661698E+03  0.2600260934455084E+03  0.2638184935729885E+03  0.2699345240531644E+03
 0.5000000000000000E+02  0.1262129736931707E+03  0.2098299435348900E+03  0.2647314506384953E+03  0.2659809283686658E+03  0.2469577295771813E+03  0.2498022642555668E+03  0.2591947245987815E+03  0.2633742602070944E+03  0.2698906590058083E+03
 0.5000000000000000E+02  0.1253354082910282E+03  0.2076624690998950E+03  0.2643939551653375E+03  0.2657530417243981E+03  0.2453643596541473E+03  0.2483648285378139E+03  0.2584368354282356E+03  0.2629759745123668E+03  0.2698521514787138E+03
 0.5000000000000000E+02  0.1245940475274640E+03  0.2058161565458663E+03  0.2640982381246519E+03  0.2655523929295135E+03  0.2439033967498912E+03  0.2470474655453914E+03  0.2577471351992252E+03  0.2626180116218358E+03  0.2698182132012845E+03
 0.5000000000000000E+02  0.1239647339996034E+03  0.2042412557781429E+03  0.2638403229015498E+03  0.2653768050389319E+03  0.2425659848761642E+03  0.2458422665645215E+03  0.2571200498898241E+03  0.2622955987050686E+03  0.2697881983730670E+03
 0.5000000000000000E+02  0.1234283022667420E+03  0.2028957748414590E+03  0.2636160326168031E+03  0.2652237515421877E+03  0.2413428197787581E+03  0.2447407639755716E+03  0.2565500473341838E+03  0.2620046283693280E+03  0.2697615702714628E+03
 0.5000000000000000E+02  0.1229693684074743E+03  0.2017444230091173E+03  0.2634213307123144E+03  0.2650906711807144E+03  0.2402246107546991E+03  0.2437344404339974E+03  0.2560318294319234E+03  0.2617415359450468E+03  0.2697378782618642E+03
 0.5000000000000000E+02  0.1225754562595791E+03  0.2007575805272193E+03  0.2632524851852907E+03  0.2649751314617477E+03  0.2392023656960343E+03  0.2428150366055760E+03  0.2555604361188772E+03  0.2615032113096653E+03  0.2697167410928472E+03
 0.5000000000000000E+02  0.1222363578588174E+03  0.1999103792481057E+03  0.2631061335029574E+03  0.2648749043399735E+03  0.2382675599329682E+03  0.2419747280937940E+03  0.2551312928151787E+03  0.2612869311057899E+03  0.2696978342698573E+03
 0.5000000000000000E+02  0.1219436576291111E+03  0.1991819148335567E+03  0.2629792936739297E+03  0.2647879927406182E+03  0.2374122279036669E+03  0.2412062178019487E+03  0.2547402228747307E+03  0.2610903042186867E+03  0.2696808802375587E+03
 0.5000000000000000E+02  0.1216903726191916E+03  0.1985545852032771E+03  0.2628693476600314E+03  0.2647126306817564E+03  0.2366290036173043E+03  0.2405027741503611E+03  0.2543834392041451E+03  0.2609112266622695E+03  0.2696656405887185E+03
 0.5000000000000000E+02  0.1214706763422867E+03  0.1980135405651174E+03  0.2627740118980228E+03  0.2646472700759020E+03  0.2359111275353619E+03  0.2398582352044408E+03  0.2540575241663307E+03  0.2607478436081211E+03  0.2696519097877046E+03
 0.5000000000000000E+02  0.1212796838786054E+03  0.1975462282846004E+03  0.2626913030759223E+03  0.2645905615754853E+03  0.2352524319545331E+03  0.2392669919381354E+03  0.2537594035197581E+03  0.2605985170940286E+03  0.2696395100560652E+03
 0.5000000000000000E+02  0.1211132826115930E+03  0.1971420167621650E+03  0.2626195035140746E+03  0.2645413335099537E+03  0.2346473131940472E+03  0.2387239593345375E+03  0.2534863179500032E+03  0.2604617983820630E+03  0.2696282871673181E+03
 0.5000000000000000E+02  0.1209679974770631E+03  0.1967918844555020E+03  0.2625571283520342E+03  0.2644985710608873E+03  0.2340906962696296E+03  0.2382245410197364E+03  0.2532357943386610E+03  0.2603364041911102E+03  0.2696181069637777E+03
 0.5000000000000000E+02  0.1208408826778684E+03  0.1964881623591978E+03  0.2625028955411989E+03  0.2644613967437570E+03  0.2335779959047951E+03  0.2377645911223891E+03  0.2530056180163174E+03  0.2602211961929143E+03  0.2696088524534486E+03
 0.5000000000000000E+02  0.1207294339468650E+03  0.1962243202826368E+03  0.2624556989845436E+03  0.2644290526624503E+03  0.2331050764467778E+03  0.2373403757132534E+03  0.2527938066798131E+03  0.2601151632755872E+03  0.2696004213773036E+03
 0.5000000000000000E+02  0.1206345020282638E+03  0.1960014122070504E+03  0.2624152868883958E+03  0.2644014593314571E+03  0.2326821020656362E+03  0.2369613669775819E+03  0.2526040731237377E+03  0.2600201045852368E+03  0.2695929278390826E+03
 0.5000000000000000E+02  0.1205504800828940E+03  0.1958063615376842E+03  0.2623802198643699E+03  0.2643773770602417E+03  0.2322901337357966E+03  0.2366098982852539E+03  0.2524286883876005E+03  0.2599321299405074E+03  0.2695860627886384E+03
 0.5000000000000000E+02  0.1204760416803324E+03  0.1956354508751948E+03  0.2623495745320699E+03  0.2643563651160495E+03  0.2319260972287962E+03  0.2362833739108328E+03  0.2522663070612594E+03  0.2598506517832848E+03  0.2695797613716503E+03
 0.5000000000000000E+02  0.1204099827571751E+03  0.1954854777885759E+03  0.2623227085146058E+03  0.2643379683808739E+03  0.2315874699812693E+03  0.2359796000732518E+03  0.2521156751836378E+03  0.2597750510735887E+03  0.2695739638824139E+03
 0.5000000000000000E+02  0.1203512442012983E+03  0.1953536827347731E+03  0.2622991104424696E+03  0.2643218229917974E+03  0.2312719970140238E+03  0.2356965886627105E+03  0.2519756902961978E+03  0.2597047716580647E+03  0.2695686181346626E+03
 0.5000000000000000E+02  0.1202989072960229E+03  0.1952376862299910E+03  0.2622783501036773E+03  0.2643076283682790E+03  0.2309776570788923E+03  0.2354325407195265E+03  0.2518453784753713E+03  0.2596393207805593E+03  0.2695636784969671E+03
 0.5000000000000000E+02  0.1202521760656329E+03  0.1951354344419302E+03  0.2622600591348863E+03  0.2642951295462296E+03  0.2307026333953379E+03  0.2351858304010563E+03  0.2517238734949685E+03  0.2595782613064821E+03  0.2695591048722551E+03
 0.5000000000000000E+02  0.1202103603289422E+03  0.1950451527940077E+03  0.2622439199257209E+03  0.2642841075633143E+03  0.2304452893480163E+03  0.2349549889136425E+03  0.2516104013005695E+03  0.2595212041257876E+03  0.2695548618752549E+03
 0.5000000000000000E+02  0.1201728609812654E+03  0.1949653064827231E+03  0.2622296577144742E+03  0.2642743733234872E+03  0.2302041481135923E+03  0.2347386891438267E+03  0.2515042679864261E+03  0.2594678017054284E+03  0.2695509181695101E+03
 0.5000000000000000E+02  0.1201391573828433E+03  0.1948945668409737E+03  0.2622170343663130E+03  0.2642657630715941E+03  0.2299778752954124E+03  0.2345357314543752E+03  0.2514048500412323E+03  0.2594177427313840E+03  0.2695472459240727E+03
 0.5000000000000000E+02  0.1201087965660546E+03  0.1948317826328272E+03  0.2622058432462096E+03  0.2642581347751865E+03  0.2297652638879249E+03  0.2343450307769924E+03  0.2513115861741740E+03  0.2593707476372324E+03  0.2695438203610868E+03
