 0.5000000000000000E+02  0.1500000000000000E+03  0.2500000000000000E+03  0.2685306692102454E+03  0.2687811237420554E+03  0.2694292149444730E+03  0.2694329738177072E+03  0.2698292681253795E+03  0.2702618452434969E+03  0.2707133556471773E+03  0.2267722554165016E-02  0.4590161381225726E-02  0.2238948159022129E-02  0.0000000000000000E+00  0.1752681736383159E-06
 0.5000000000000000E+02  0.1500000000000000E+03  0.2500000000000000E+03  0.2673533260819680E+03  0.2687463136869347E+03  0.2694126543479207E+03  0.2693042608011608E+03  0.2697775308222667E+03  0.2702597689817354E+03  0.2707161579761688E+03  0.1771808272150930E-02  0.3047499109524074E-02  0.1761208351982257E-02  0.0000000000000000E+00  0.1695406228461910E-06
 0.5000000000000000E+02  0.1443615696231556E+03  0.2367666957364754E+03  0.2658092556098756E+03  0.2686602623800796E+03  0.2693592741716548E+03  0.2690269440606469E+03  0.2696518444154643E+03  0.2702380171843254E+03  0.2707138025711261E+03  0.1580124256031071E-02  0.2284554796793434E-02  0.1209497427195895E-02  0.0000000000000000E+00  0.1633678688962251E-06
 0.5000000000000000E+02  0.1427555794235957E+03  0.2348586512370819E+03  0.2641827561110692E+03  0.2685250803639653E+03  0.2692526259610599E+03  0.2686097678995075E+03  0.2694470322549019E+03  0.2701879556259178E+03  0.2707027812178625E+03  0.1471215315595034E-02  0.1987693698014007E-02  0.1103768370353931E-02  0.0000000000000000E+00  0.1521090722922218E-06
 0.5000000000000000E+02  0.1408740176409358E+03  0.2271360111213920E+03  0.2625456947805822E+03  0.2683452577412099E+03  0.2690836976955207E+03  0.2680807085784544E+03  0.2691658161191451E+03  0.2701043298508357E+03  0.2706798919497879E+03  0.1392914127791720E-02  0.1733007429943568E-02  0.7934306469205164E-03  0.0000000000000000E+00  0.1358444295679480E-06
 0.5000000000000000E+02  0.1397798077288201E+03  0.2243725232767011E+03  0.2609630716511173E+03  0.2681259075366833E+03  0.2688500580285676E+03  0.2674665513872105E+03  0.2688155456368529E+03  0.2699845478508385E+03  0.2706425612915958E+03  0.1334745043177086E-02  0.1557093592449950E-02  0.7292405710246770E-03  0.0000000000000000E+00  0.1149751227605932E-06
 0.5000000000000000E+02  0.1385861249081336E+03  0.2209952224768175E+03  0.2594745228396176E+03  0.2678727210662987E+03  0.2685541810973943E+03  0.2667940491935918E+03  0.2684071882781902E+03  0.2698286384144415E+03  0.2705891030946070E+03  0.1284733538423706E-02  0.1428767695979066E-02  0.3832406426258484E-03  0.0000000000000000E+00  0.9004211268232682E-07
 0.5000000000000000E+02  0.1375771571079894E+03  0.2190285032949775E+03  0.2581136936086476E+03  0.2675916301300493E+03  0.2682012273790957E+03  0.2660821490947120E+03  0.2679524510519148E+03  0.2696384110292128E+03  0.2705187231031828E+03  0.1243711526687115E-02  0.1326674373280363E-02  0.2929833968284289E-03  0.0000000000000000E+00  0.6165143345891830E-07
 0.5000000000000000E+02  0.1367330997922660E+03  0.2176391084612882E+03  0.2569037664489679E+03  0.2672888565393562E+03  0.2677976250767879E+03  0.2653463812942197E+03  0.2674633834860381E+03  0.2694171129288692E+03  0.2704314876273513E+03  0.1209773920515286E-02  0.1241470411328157E-02  0.2303748467512282E-03  0.0000000000000000E+00  0.3045187618814496E-07
 0.5000000000000000E+02  0.1360166408043769E+03  0.2165806275686019E+03  0.2558479852860016E+03  0.2669702880150928E+03  0.2673500777669578E+03  0.2645976948921091E+03  0.2669507071966130E+03  0.2691687694768003E+03  0.2703281802782373E+03  0.1181328483972053E-02  0.1169207559778543E-02  0.1826601711185821E-03  0.0000000000000000E+00  0.0000000000000000E+00
 0.5000000000000000E+02  0.1354005395024488E+03  0.2157360745906061E+03  0.2549332020516395E+03  0.2666410499449368E+03  0.2668650481321847E+03  0.2638442851643825E+03  0.2664233336754191E+03  0.2688977030921307E+03  0.2702101241407061E+03  0.1157218348302478E-02  0.1107113127544479E-02  0.1445393977777151E-03  0.0000000000000000E+00  0.0000000000000000E+00
 0.5000000000000000E+02  0.1348650578363950E+03  0.2150399056167940E+03  0.2541386066225805E+03  0.2663053715871481E+03  0.2663485340082460E+03  0.2630922853322228E+03  0.2658882827173968E+03  0.2686081776325432E+03  0.2700789942847135E+03  0.1136590082687337E-02  0.1053179971449491E-02  0.1130786314966192E-03  0.0000000000000000E+00  0.0000000000000000E+00
 0.5000000000000000E+02  0.1343954505960392E+03  0.2144519520678965E+03  0.2534424315589773E+03  0.2659666548245460E+03  0.2658059868406336E+03  0.2623462300355111E+03  0.2653508826774047E+03  0.2683041670513973E+03  0.2699366490589154E+03  0.1118798676145326E-02  0.1005909555232180E-02  0.8648321419549979E-04  0.0000000000000000E+00  0.0000000000000000E+00
 0.5000000000000000E+02  0.1339804164759133E+03  0.2139459860447714E+03  0.2528253291551906E+03  0.2656276219245671E+03  0.2652422983899436E+03  0.2616094200111766E+03  0.2648150811584829E+03  0.2679892343626188E+03  0.2697849948489183E+03  0.1103346209107305E-02  0.9641545642804837E-03  0.6358082929132716E-04  0.0000000000000000E+00  0.0000000000000000E+00
 0.5000000000000000E+02  0.1336111121043335E+03  0.2135040266131749E+03  0.2522714562650641E+03  0.2652904604852994E+03  0.2646618212791621E+03  0.2608842143126733E+03  0.2642837562469193E+03  0.2676664906127133E+03  0.2696258873282137E+03  0.1089841412945311E-02  0.9270181807170664E-03  0.4356671600885608E-04  0.0000000000000000E+00  0.0000000000000000E+00
 0.5000000000000000E+02  0.1332796629069701E+03  0.2131117283617376E+03  0.2517683642432586E+03  0.2649569358075584E+03  0.2640684056410571E+03  0.2601722583373052E+03  0.2637589795347517E+03  0.2673386025210770E+03  0.2694610657910680E+03  0.1077966866490587E-02  0.8943855697359955E-03  0.2550909282057404E-04  0.0000000000000000E+00  0.0000000000000000E+00
 0.5000000000000000E+02  0.1329804749223029E+03  0.2127596607148016E+03  0.2513064912997209E+03  0.2646284714955962E+03  0.2634654419239994E+03  0.2594746580861826E+03  0.2632422222290948E+03  0.2670078252932049E+03  0.2692921142748593E+03  0.1067470195784104E-02  0.8653393533565072E-03  0.9106891391579301E-05  0.0000000000000000E+00  0.0000000000000000E+00
 0.5000000000000000E+02  0.1327061875983483E+03  0.2123732820251448E+03  0.2508768490045319E+03  0.2643061434255716E+03  0.2628559013072585E+03  0.2587920825956549E+03  0.2627344371082431E+03  0.2666760302990891E+03  0.2691204356196463E+03  0.1058121287241341E-02  0.8388653752864318E-03  0.0000000000000000E+00  0.0000000000000000E+00  0.0000000000000000E+00
 0.5000000000000000E+02  0.1324490842320440E+03  0.2118802133365309E+03  0.2504690409907152E+03  0.2639906326837086E+03  0.2622423807934423E+03  0.2581249354448231E+03  0.2622361391270846E+03  0.2663447472104904E+03  0.2689472625254178E+03  0.1049712492096010E-02  0.8143472725105024E-03  0.0000000000000000E+00  0.0000000000000000E+00  0.0000000000000000E+00
 0.5000000000000000E+02  0.1322079188699403E+03  0.2113364981438680E+03  0.2500738194079718E+03  0.2636822511622227E+03  0.2616271327489631E+03  0.2574732907610697E+03  0.2617474311143618E+03  0.2660151713132963E+03  0.2687736231482054E+03  0.1042111066813042E-02  0.7915431123677748E-03  0.0000000000000000E+00  0.0000000000000000E+00  0.0000000000000000E+00
 0.5000000000000000E+02  0.1319816757721218E+03  0.2107672029967851E+03  0.2496851458151702E+03  0.2633810811073971E+03  0.2610120937832375E+03  0.2568370149936565E+03  0.2612682032477093E+03  0.2656882155617478E+03  0.2686003682131239E+03  0.1035211908477831E-02  0.7702788281463448E-03  0.0000000000000000E+00  0.0000000000000000E+00  0.0000000000000000E+00
 0.5000000000000000E+02  0.1317691561682293E+03  0.2101868425857073E+03  0.2493001288196659E+03  0.2630870922832430E+03  0.2603989160169458E+03  0.2562158303248092E+03  0.2607982591118326E+03  0.2653645680293290E+03  0.2684281833960469E+03  0.1028926130306585E-02  0.7503996687201237E-03  0.0000000000000000E+00  0.0000000000000000E+00  0.0000000000000000E+00
 0.5000000000000000E+02  0.1315691826865103E+03  0.2096046576559775E+03  0.2489180163996251E+03  0.2628002119573493E+03  0.2597889986862896E+03  0.2556093670297745E+03  0.2603373902056846E+03  0.2650447451305143E+03  0.2682576099978882E+03  0.1023178024708500E-02  0.7317686131423516E-03  0.0000000000000000E+00  0.0000000000000000E+00  0.0000000000000000E+00
 0.5000000000000000E+02  0.1313806712531710E+03  0.2090267637562922E+03  0.2485392145625868E+03  0.2625203554915927E+03  0.2591835190424015E+03  0.2550172049505571E+03  0.2598854071839218E+03  0.2647291349140932E+03  0.2680890675979625E+03  0.1017902972284635E-02  0.7142653847219637E-03  0.0000000000000000E+00  0.0000000000000000E+00  0.0000000000000000E+00
 0.5000000000000000E+02  0.1312026435888735E+03  0.2084572693629722E+03  0.2481646219994424E+03  0.2622474354198480E+03  0.2585834614781880E+03  0.2544389031878870E+03  0.2594421468242706E+03  0.2644180295138610E+03  0.2679228757802773E+03  0.1013045660561568E-02  0.6977845574405552E-03  0.0000000000000000E+00  0.0000000000000000E+00  0.0000000000000000E+00
 0.5000000000000000E+02  0.1310342231695181E+03  0.2078989318031016E+03  0.2477952516943691E+03  0.2619813618696027E+03  0.2579896440869915E+03  0.2538740197335802E+03  0.2590074684672222E+03  0.2641116484452693E+03  0.2677592734776273E+03  0.1008558594968006E-02  0.6822336137577204E-03  0.0000000000000000E+00  0.0000000000000000E+00  0.0000000000000000E+00
 0.5000000000000000E+02  0.1308746266443628E+03  0.2073535711020662E+03  0.2474320428096733E+03  0.2617220408118343E+03  0.2574027422506641E+03  0.2533221234938032E+03  0.2585812473810840E+03  0.2638101551022102E+03  0.2675984353909649E+03  0.1004400864770249E-02  0.6675311929133670E-03  0.0000000000000000E+00  0.0000000000000000E+00  0.0000000000000000E+00
 0.5000000000000000E+02  0.1307231542023821E+03  0.2068223442165392E+03  0.2470757825091613E+03  0.2614693726011250E+03  0.2568233092039624E+03  0.2527828009782601E+03  0.2581633683575687E+03  0.2635136685338987E+03  0.2674404854911256E+03  0.1000537119573082E-02  0.6536055599219407E-03  0.0000000000000000E+00  0.0000000000000000E+00  0.0000000000000000E+00
 0.5000000000000000E+02  0.1305791801284815E+03  0.2063059331822507E+03  0.2467270859010953E+03  0.2612232513711327E+03  0.2562517937528286E+03  0.2522556594521955E+03  0.2577537206641281E+03  0.2632222720461212E+03  0.2672855078884996E+03  0.9969367181563310E-03  0.6403932821840014E-03  0.0000000000000000E+00  0.0000000000000000E+00  0.0000000000000000E+00
 0.5000000000000000E+02  0.1304421440469069E+03  0.2058046775284414E+03  0.2463864040809103E+03  0.2609835651601668E+03  0.2556885554407376E+03  0.2517403278547791E+03  0.2573521945011686E+03  0.2629360196764695E+03  0.2671335554622405E+03  0.9935730186519064E-03  0.6278380925547136E-03  0.0000000000000000E+00  0.0000000000000000E+00  0.0000000000000000E+00
 0.5000000000000000E+02  0.1303115430349451E+03  0.2053186692543213E+03  0.2460540439429153E+03  0.2607501964904454E+03  0.2551338774935116E+03  0.2512364563809143E+03  0.2569586787472438E+03  0.2626549412247493E+03  0.2669846566505551E+03  0.9904227850194645E-03  0.6158899164917567E-03  0.0000000000000000E+00  0.0000000000000000E+00  0.0000000000000000E+00
 0.5000000000000000E+02  0.1301869246390850E+03  0.2048478219281506E+03  0.2457301913394431E+03  0.2605230231636468E+03  0.2545879778627212E+03  0.2507437153207029E+03  0.2565730596872730E+03  0.2623790462722237E+03  0.2668388207671127E+03  0.9874656894878551E-03  0.6045040415997697E-03  0.0000000000000000E+00  0.0000000000000000E+00  0.0000000000000000E+00
 0.5000000000000000E+02  0.1300678807520970E+03  0.2043919214912214E+03  0.2454149335311027E+03  0.2603019191155671E+03  0.2540510186555932E+03  0.2502617935376341E+03  0.2561952204402623E+03  0.2621083274661843E+03  0.2666960421545891E+03  0.9846838943834916E-03  0.5936404094880612E-03  0.0000000000000000E+00  0.0000000000000000E+00  0.0000000000000000E+00
 0.5000000000000000E+02  0.1299540422762409E+03  0.2039506638929155E+03  0.2451082791989544E+03  0.2600867552416797E+03  0.2535231142001132E+03  0.2497903968217657E+03  0.2558250408579550E+03  0.2618427632495266E+03  0.2665563034300934E+03  0.9820616997886558E-03  0.5832630119200970E-03  0.0000000000000000E+00  0.0000000000000000E+00  0.0000000000000000E+00
 0.5000000000000000E+02  0.1298450744863300E+03  0.2035236831090354E+03  0.2448101754834746E+03  0.2598774001526374E+03  0.2530043379555806E+03  0.2493292462582149E+03  0.2554623977229508E+03  0.2615823201559891E+03  0.2664195780259131E+03  0.9795852459192230E-03  0.5733393754578011E-03  0.0000000000000000E+00  0.0000000000000000E+00  0.0000000000000000E+00
 0.5000000000000000E+02  0.1297406730063166E+03  0.2031105720563764E+03  0.2445205220936026E+03  0.2596737208467695E+03  0.2524947284446087E+03  0.2488780766892351E+03  0.2551071651236182E+03  0.2613269547555937E+03  0.2662858321852691E+03  0.9772422610971488E-03  0.5638401209778728E-03  0.0000000000000000E+00  0.0000000000000000E+00  0.0000000000000000E+00
 0.5000000000000000E+02  0.1296405603186901E+03  0.2027108982117798E+03  0.2442391827807533E+03  0.2594755833012274E+03  0.2519942943534751E+03  0.2484366353087931E+03  0.2547592149208668E+03  0.2610766153122153E+03  0.2661550265370593E+03  0.9750218478081482E-03  0.5547385864511968E-03  0.0000000000000000E+00  0.0000000000000000E+00  0.0000000000000000E+00
 0.5000000000000000E+02  0.1295444827339797E+03  0.2023242152555023E+03  0.2439659945560560E+03  0.2592828529897326E+03  0.2515030189235950E+03  0.2480046804043595E+03  0.2544184172501066E+03  0.2608312432006336E+03  0.2660271173450881E+03  0.9729143006497895E-03  0.5460105031638404E-03  0.0000000000000000E+00  0.0000000000000000E+00  0.0000000000000000E+00
 0.5000000000000000E+02  0.1294522077563383E+03  0.2019500717137075E+03  0.2437007750302590E+03  0.2590953953367579E+03  0.2510208637370896E+03  0.2475819802461064E+03  0.2540846410217402E+03  0.2605907741205261E+03  0.2659020575050324E+03  0.9709109510478602E-03  0.5376337171136278E-03  0.0000000000000000E+00  0.0000000000000000E+00  0.0000000000000000E+00
 0.5000000000000000E+02  0.1293635217895981E+03  0.2015880173268858E+03  0.2434433282204143E+03  0.2589130761174819E+03  0.2505477719831998E+03  0.2471683121157811E+03  0.2537577543977332E+03  0.2603551391378374E+03  0.2657797973451476E+03  0.9690040344954660E-03  0.5295879486441469E-03  0.0000000000000000E+00  0.0000000000000000E+00  0.0000000000000000E+00
 0.5000000000000000E+02  0.1292782281358958E+03  0.2012376076907641E+03  0.2431934491193462E+03  0.2587357618114732E+03  0.2500836712789503E+03  0.2467634614632217E+03  0.2534376252315042E+03  0.2601242655787482E+03  0.2656602852735503E+03  0.9671865767869037E-03  0.5218545844985797E-03  0.0000000000000000E+00  0.0000000000000000E+00  0.0000000000000000E+00
 0.5000000000000000E+02  0.1291961452458293E+03  0.2008984075830526E+03  0.2429509272746502E+03  0.2585633199163496E+03  0.2496284761064418E+03  0.2463672211769839E+03  0.2531241214648857E+03  0.2598980777973805E+03  0.2655434683048179E+03  0.9654522963075800E-03  0.5144164974169203E-03  0.0000000000000000E+00  0.0000000000000000E+00  0.0000000000000000E+00
 0.5000000000000000E+02  0.1291171051850842E+03  0.2005699932905347E+03  0.2427155495789380E+03  0.2583956192264624E+03  0.2491820899199559E+03  0.2459793909552822E+03  0.2528171114801426E+03  0.2596764978351266E+03  0.2654292924910128E+03  0.9637955199261682E-03  0.5072578891864190E-03  0.0000000000000000E+00  0.0000000000000000E+00  0.0000000000000000E+00
 0.5000000000000000E+02  0.1290409522876249E+03  0.2002519541766108E+03  0.2424871024341029E+03  0.2582325300802470E+03  0.2487444069683568E+03  0.2455997767641145E+03  0.2525164644077820E+03  0.2594594459868138E+03  0.2653177032764282E+03  0.9622111104352742E-03  0.5003641537105754E-03  0.0000000000000000E+00  0.0000000000000000E+00  0.0000000000000000E+00
 0.5000000000000000E+02  0.1289675419699319E+03  0.1999438936734242E+03  0.2422653734198632E+03  0.2580739245791174E+03  0.2483153138717674E+03  0.2452281903705129E+03  0.2522220503924246E+03  0.2592468412866711E+03  0.2652086457909636E+03  0.9606944038174779E-03  0.4937217572058791E-03  0.0000000000000000E+00  0.0000000000000000E+00  0.0000000000000000E+00
 0.5000000000000000E+02  0.1288967396845393E+03  0.1996454298398009E+03  0.2420501525702523E+03  0.2579196767801579E+03  0.2478946909859870E+03  0.2448644489401311E+03  0.2519337408199744E+03  0.2590386019251961E+03  0.2651020650936910E+03  0.9592411548884400E-03  0.4873181330926077E-03  0.0000000000000000E+00  0.0000000000000000E+00  0.0000000000000000E+00
 0.5000000000000000E+02  0.1288284199942725E+03  0.1993561955935919E+03  0.2418412333402707E+03  0.2577696628644379E+03  0.2474824135834233E+03  0.2445083746896695E+03  0.2516514085096915E+03  0.2588346456064373E+03  0.2649979063756556E+03  0.9578474900962760E-03  0.4811415895211797E-03  0.0000000000000000E+00  0.0000000000000000E+00  0.0000000000000000E+00
 0.5000000000000000E+02  0.1287624657513158E+03  0.1990758387023781E+03  0.2416384133277751E+03  0.2576237612824862E+03  0.2470783528752999E+03  0.2441597945858674E+03  0.2513749278748468E+03  0.2586348898538319E+03  0.2648961151290210E+03  0.9565098664469337E-03  0.4751812277945596E-03  0.0000000000000000E+00  0.0000000000000000E+00  0.0000000000000000E+00
 0.5000000000000000E+02  0.1286987673674952E+03  0.1988040215966696E+03  0.2414414948020682E+03  0.2574818528783602E+03  0.2466823768964642E+03  0.2438185400839281E+03  0.2511041750555808E+03  0.2584392522716060E+03  0.2647966372882044E+03  0.9552250356835313E-03  0.4694268702084483E-03  0.0000000000000000E+00  0.0000000000000000E+00  0.0000000000000000E+00
 0.5000000000000000E+02  0.1286372221641211E+03  0.1985404210551489E+03  0.2412502850798865E+03  0.2573438209936682E+03  0.2462943512711762E+03  0.2434844468993011E+03  0.2508390280273350E+03  0.2582476507677519E+03  0.2646994193475214E+03  0.9539900129809283E-03  0.4638689960547811E-03  0.0000000000000000E+00  0.0000000000000000E+00  0.0000000000000000E+00
 0.5000000000000000E+02  0.1285777337913550E+03  0.1982847278001380E+03  0.2410645967809758E+03  0.2572095515527972E+03  0.2459141398757322E+03  0.2431573548076200E+03  0.2505793666879813E+03  0.2580600037437515E+03  0.2646044084589779E+03  0.9528020495275694E-03  0.4584986847160680E-03  0.0000000000000000E+00  0.0000000000000000E+00  0.0000000000000000E+00
 0.5000000000000000E+02  0.1285202117084855E+03  0.1980366460322645E+03  0.2408842479887552E+03  0.2570789331306759E+03  0.2455416054115980E+03  0.2428371074683909E+03  0.2503250729264354E+03  0.2578762302555107E+03  0.2645115525132019E+03  0.9516586084609409E-03  0.4533075649376943E-03  0.0000000000000000E+00  0.0000000000000000E+00  0.0000000000000000E+00
 0.5000000000000000E+02  0.1284645707176611E+03  0.1977958929264873E+03  0.2407090623362863E+03  0.2569518570043306E+03  0.2451766099008626E+03  0.2425235522687200E+03  0.2500760306753023E+03  0.2576962501493382E+03  0.2644208002059535E+03  0.9505573437012165E-03  0.4482877694933591E-03  0.0000000000000000E+00  0.0000000000000000E+00  0.0000000000000000E+00
 0.5000000000000000E+02  0.1284104295070847E+03  0.1975619295428345E+03  0.2405389198549669E+03  0.2568282339807764E+03  0.2448192106670402E+03  0.2422176462960353E+03  0.2498326855923649E+03  0.2575202792965292E+03  0.2643322150290547E+03  0.9494906721013364E-03  0.4434009873509330E-03  0.0000000000000000E+00  0.0000000000000000E+00  0.0000000000000000E+00
 0.5000000000000000E+02  0.1283580672975021E+03  0.1973346468061609E+03  0.2403735572079783E+03  0.2567078371410872E+03  0.2444691682556422E+03  0.2419178634226932E+03  0.2495943139974697E+03  0.2573480189064650E+03  0.2642456067951787E+03  0.9484633759994743E-03  0.4386787494744901E-03  0.0000000000000000E+00  0.0000000000000000E+00  0.0000000000000000E+00
 0.5000000000000000E+02  0.1283074282470739E+03  0.1971138941714760E+03  0.2402128037926911E+03  0.2565906417745620E+03  0.2441263124804665E+03  0.2416242178951152E+03  0.2493608258355322E+03  0.2571793125749425E+03  0.2641609383001472E+03  0.9474733378500021E-03  0.4341138223212745E-03  0.0000000000000000E+00  0.0000000000000000E+00  0.0000000000000000E+00
 0.5000000000000000E+02  0.1282584234830802E+03  0.1968994690403284E+03  0.2400565152687957E+03  0.2564765744090917E+03  0.2437904796557557E+03  0.2413365976827757E+03  0.2491321157723586E+03  0.2570140631795562E+03  0.2640781682134289E+03  0.9465184129579451E-03  0.4296976616314637E-03  0.0000000000000000E+00  0.0000000000000000E+00  0.0000000000000000E+00
 0.5000000000000000E+02  0.1282109733616956E+03  0.1966911623565402E+03  0.2399045574051482E+03  0.2563655478841201E+03  0.2434615165645421E+03  0.2410548848723727E+03  0.2489080788990109E+03  0.2568521929172236E+03  0.2639972528785471E+03  0.9455967154719030E-03  0.4254228503313634E-03  0.0000000000000000E+00  0.0000000000000000E+00  0.0000000000000000E+00
 0.5000000000000000E+02  0.1281650078169131E+03  0.1964887657497901E+03  0.2397567998345346E+03  0.2562574729529532E+03  0.2431392777161112E+03  0.2407789598291499E+03  0.2486886123532113E+03  0.2566936299471791E+03  0.2639181483004099E+03  0.9447065736449228E-03  0.4212829124461196E-03  0.0000000000000000E+00  0.0000000000000000E+00  0.0000000000000000E+00
 0.5000000000000000E+02  0.1281204635340419E+03  0.1962920750852369E+03  0.2396131143632072E+03  0.2561522615165809E+03  0.2428236227561178E+03  0.2405087024246799E+03  0.2484736156719673E+03  0.2565383045224721E+03  0.2638408108404828E+03  0.9438464718861807E-03  0.4172720156790622E-03  0.0000000000000000E+00  0.0000000000000000E+00  0.0000000000000000E+00
 0.5000000000000000E+02  0.1280772821073681E+03  0.1961008923267345E+03  0.2394733748984492E+03  0.2560498275677119E+03  0.2425144149389353E+03  0.2402439929976740E+03  0.2482629908294182E+03  0.2563861480154620E+03  0.2637651974834030E+03  0.9430150147777973E-03  0.4133847919990049E-03  0.0000000000000000E+00  0.0000000000000000E+00  0.0000000000000000E+00
 0.5000000000000000E+02  0.1280354089916121E+03  0.1959150264145945E+03  0.2393374578130319E+03  0.2559500874609965E+03  0.2422115203529540E+03  0.2399847130349510E+03  0.2480566421393517E+03  0.2562370927679515E+03  0.2636912659716206E+03  0.9422109056583890E-03  0.4096162366340041E-03  0.0000000000000000E+00  0.0000000000000000E+00  0.0000000000000000E+00
 0.5000000000000000E+02  0.1279947928792459E+03  0.1957342935921767E+03  0.2392052423453427E+03  0.2558529599726443E+03  0.2419148075703535E+03  0.2397307456196416E+03  0.2478544761280555E+03  0.2560910721439371E+03  0.2636189748896998E+03  0.9414329329326623E-03  0.4059616480919992E-03  0.0000000000000000E+00  0.0000000000000000E+00  0.0000000000000000E+00
 0.5000000000000000E+02  0.1279553852967796E+03  0.1955585174311045E+03  0.2390766109175078E+03  0.2557583662920261E+03  0.2416241475083810E+03  0.2394819757122712E+03  0.2476564014197203E+03  0.2559480206071741E+03  0.2635482837196424E+03  0.9406799604427428E-03  0.4024165892897043E-03  0.0000000000000000E+00  0.0000000000000000E+00  0.0000000000000000E+00
 0.5000000000000000E+02  0.1279171403176175E+03  0.1953875286934988E+03  0.2389514493516308E+03  0.2556662299907420E+03  0.2413394133842305E+03  0.2392382903199052E+03  0.2474623286445915E+03  0.2558078737808773E+03  0.2634791528747932E+03  0.9399509200971870E-03  0.3989768599838473E-03  0.0000000000000000E+00  0.0000000000000000E+00  0.0000000000000000E+00
 0.5000000000000000E+02  0.1278800143410458E+03  0.1952211651081417E+03  0.2388296469955341E+03  0.2555764769833628E+03  0.2410604807044649E+03  0.2389995785925044E+03  0.2472721703679962E+03  0.2556705684854808E+03  0.2634115437171852E+03  0.9392448058650809E-03  0.3956384756479575E-03  0.0000000000000000E+00  0.0000000000000000E+00  0.0000000000000000E+00
 0.5000000000000000E+02  0.1278439659117595E+03  0.1950592711034171E+03  0.2387110967769178E+03  0.2554890354841529E+03  0.2407872272621951E+03  0.2387657318723605E+03  0.2470858410351794E+03  0.2555360427593030E+03  0.2633454185624221E+03  0.9385606686761697E-03  0.3923976503118630E-03  0.0000000000000000E+00  0.0000000000000000E+00  0.0000000000000000E+00
 0.5000000000000000E+02  0.1278089555662981E+03  0.1949016975216001E+03  0.2385956952040991E+03  0.2554038359608531E+03  0.2405195331315128E+03  0.2385366437133012E+03  0.2469032569270536E+03  0.2554042358674234E+03  0.2632807406755736E+03  0.9378976119752837E-03  0.3892507820302980E-03  0.0000000000000000E+00  0.0000000000000000E+00  0.0000000000000000E+00
 0.5000000000000000E+02  0.1277749456987470E+03  0.1947483013285153E+03  0.2384833423283506E+03  0.2553208110859263E+03  0.2402572806562252E+03  0.2383122098803623E+03  0.2467243361230287E+03  0.2552750883027109E+03  0.2632174742608266E+03  0.9372547877829946E-03  0.3861944402290751E-03  0.0000000000000000E+00  0.0000000000000000E+00  0.0000000000000000E+00
 0.5000000000000000E+02  0.1277419004411367E+03  0.1945989453267010E+03  0.2383739416794445E+03  0.2552398956855227E+03  0.2400003544330407E+03  0.2380923283366395E+03  0.2465489984681777E+03  0.2551485417815971E+03  0.2631555844469570E+03  0.9366313931676839E-03  0.3832253544767631E-03  0.0000000000000000E+00  0.0000000000000000E+00  0.0000000000000000E+00
 0.5000000000000000E+02  0.1277097855556068E+03  0.1944534978768392E+03  0.2382674001830563E+03  0.2551610266864683E+03  0.2397486412903700E+03  0.2378768992217656E+03  0.2463771655429312E+03  0.2550245392362060E+03  0.2630950372701079E+03  0.9360266670632487E-03  0.3803404043914288E-03  0.0000000000000000E+00  0.0000000000000000E+00  0.0000000000000000E+00
 0.5000000000000000E+02  0.1276785683363639E+03  0.1943118326298921E+03  0.2381636280663582E+03  0.2550841430617075E+03  0.2395020302640156E+03  0.2376658248248174E+03  0.2462087606341022E+03  0.2549030248038627E+03  0.2630357996549121E+03  0.9354398873842669E-03  0.3775366104874140E-03  0.0000000000000000E+00  0.0000000000000000E+00  0.0000000000000000E+00
 0.5000000000000000E+02  0.1276482175199860E+03  0.1941738282713729E+03  0.2380625387563625E+03  0.2550091857745294E+03  0.2392604125708100E+03  0.2374590095535741E+03  0.2460437087065137E+03  0.2547839438146135E+03  0.2629778393946487E+03  0.9348703684005947E-03  0.3748111258190818E-03  0.0000000000000000E+00  0.0000000000000000E+00  0.0000000000000000E+00
 0.5000000000000000E+02  0.1276187032029915E+03  0.1940393682782039E+03  0.2379640487742887E+03  0.2549360977220626E+03  0.2390236815809718E+03  0.2372563599012838E+03  0.2458819363748040E+03  0.2546672427771825E+03  0.2629211251309193E+03  0.9343174583409486E-03  0.3721612283153887E-03  0.0000000000000000E+00  0.0000000000000000E+00  0.0000000000000000E+00
 0.5000000000000000E+02  0.1275899967658098E+03  0.1939083406882538E+03  0.2378680776282819E+03  0.2548648236783621E+03  0.2387917327897032E+03  0.2370577844119002E+03  0.2457233718751771E+03  0.2545528693636733E+03  0.2628656263331370E+03  0.9337805371998686E-03  0.3695843137206485E-03  0.0000000000000000E+00  0.0000000000000000E+00  0.0000000000000000E+00
 0.5000000000000000E+02  0.1275620708024450E+03  0.1937806378822428E+03  0.2377745477061273E+03  0.2547953102374420E+03  0.2385644637883514E+03  0.2368631936442700E+03  0.2455679450369804E+03  0.2544407723932387E+03  0.2628113132780344E+03  0.9332590147263780E-03  0.3670778890729463E-03  0.0000000000000000E+00  0.0000000000000000E+00  0.0000000000000000E+00
 0.5000000000000000E+02  0.1275348990552434E+03  0.1936561563776118E+03  0.2376833841691170E+03  0.2547275057565485E+03  0.2383417742353214E+03  0.2366725001356948E+03  0.2454155872540996E+03  0.2543309018148927E+03  0.2627581570293237E+03  0.9327523285754866E-03  0.3646395666628548E-03  0.0000000000000000E+00  0.0000000000000000E+00  0.0000000000000000E+00
 0.5000000000000000E+02  0.1275084563542651E+03  0.1935347966338175E+03  0.2375945148478709E+03  0.2546613602999210E+03  0.2381235658268429E+03  0.2364856183651911E+03  0.2452662314561630E+03  0.2542232086896262E+03  0.2627061294175783E+03  0.9322599426064026E-03  0.3622670584246858E-03  0.0000000000000000E+00  0.0000000000000000E+00  0.0000000000000000E+00
 0.5000000000000000E+02  0.1274827185608237E+03  0.1934164628685170E+03  0.2375078701406624E+03  0.2545968255832627E+03  0.2379097422676373E+03  0.2363024647166218E+03  0.2451198120796172E+03  0.2541176451719479E+03  0.2626552030204032E+03  0.9317813453129715E-03  0.3599581707181445E-03  0.0000000000000000E+00  0.0000000000000000E+00  0.0000000000000000E+00
 0.5000000000000000E+02  0.1274576625148087E+03  0.1933010628838711E+03  0.2374233829146132E+03  0.2545338549191198E+03  0.2377002092414987E+03  0.2361229574418278E+03  0.2449762650387191E+03  0.2540141644909712E+03  0.2626053511429219E+03  0.9313160483737381E-03  0.3577107994640661E-03  0.0000000000000000E+00  0.0000000000000000E+00  0.0000000000000000E+00
 0.5000000000000000E+02  0.1274332659854679E+03  0.1931885079026047E+03  0.2373409884099834E+03  0.2544724031632418E+03  0.2374948743817926E+03  0.2359470166239227E+03  0.2448355276965155E+03  0.2539127209311416E+03  0.2625565477986027E+03  0.9308635853104682E-03  0.3555229256029719E-03  0.0000000000000000E+00  0.0000000000000000E+00  0.0000000000000000E+00
 0.5000000000000000E+02  0.1274095076253442E+03  0.1930787124130884E+03  0.2372606241476976E+03  0.2544124266621354E+03  0.2372936472418684E+03  0.2357745641407823E+03  0.2446975388358578E+03  0.2538132698126982E+03  0.2625087676904423E+03  0.9304235102451332E-03  0.3533926108479847E-03  0.0000000000000000E+00  0.0000000000000000E+00  0.0000000000000000E+00
 0.5000000000000000E+02  0.1273863669271089E+03  0.1929715940228546E+03  0.2371822298401658E+03  0.2543538832018283E+03  0.2370964392653856E+03  0.2356055236288496E+03  0.2445622386305230E+03  0.2537157674719492E+03  0.2624619861925137E+03  0.9299953967464786E-03  0.3513179937074541E-03  0.0000000000000000E+00  0.0000000000000000E+00  0.0000000000000000E+00
 0.5000000000000000E+02  0.1273638241830596E+03  0.1928670733201540E+03  0.2371057473054153E+03  0.2542967319579593E+03  0.2369031637565518E+03  0.2354398204472341E+03  0.2444295686164851E+03  0.2536201712414319E+03  0.2624161793318916E+03  0.9295788367582973E-03  0.3492972857553265E-03  0.0000000000000000E+00  0.0000000000000000E+00  0.0000000000000000E+00
 0.5000000000000000E+02  0.1273418604470602E+03  0.1927650737429146E+03  0.2370311203845076E+03  0.2542409334472092E+03  0.2367137358502842E+03  0.2352773816422205E+03  0.2442994716633987E+03  0.2535264394300205E+03  0.2623713237709605E+03  0.9291734396021674E-03  0.3473287681285628E-03  0.0000000000000000E+00  0.0000000000000000E+00  0.0000000000000000E+00
 0.5000000000000000E+02  0.1273204574987509E+03  0.1926655214547276E+03  0.2369582948621895E+03  0.2541864494801388E+03  0.2365280724823009E+03  0.2351181359121756E+03  0.2441718919463220E+03  0.2534345313030379E+03  0.2623273967900984E+03  0.9287788310484629E-03  0.3454107882352470E-03  0.0000000000000000E+00  0.0000000000000000E+00  0.0000000000000000E+00
 0.5000000000000000E+02  0.1272995978098392E+03  0.1925683452273609E+03  0.2368872183907122E+03  0.2541332431154451E+03  0.2363460923591617E+03  0.2349620135728758E+03  0.2440467749177327E+03  0.2533444070624236E+03  0.2622843762707568E+03  0.9283946524496669E-03  0.3435417566555407E-03  0.0000000000000000E+00  0.0000000000000000E+00  0.0000000000000000E+00
 0.5000000000000000E+02  0.1272792645123338E+03  0.1924734763294034E+03  0.2368178404167279E+03  0.2540812786156153E+03  0.2361677159282771E+03  0.2348089465233031E+03  0.2439240672798569E+03  0.2532560278269970E+03  0.2622422406789250E+03  0.9280205599311109E-03  0.3417201442229580E-03  0.0000000000000000E+00  0.0000000000000000E+00  0.0000000000000000E+00
 0.5000000000000000E+02  0.1272594413685692E+03  0.1923808484207053E+03  0.2367501121111845E+03  0.2540305214040606E+03  0.2359928653479078E+03  0.2346588682119013E+03  0.2438037169573465E+03  0.2531693556128561E+03  0.2622009690489888E+03  0.9276562236342075E-03  0.3399444792711839E-03  0.0000000000000000E+00  0.0000000000000000E+00  0.0000000000000000E+00
 0.5000000000000000E+02  0.1272401127428960E+03  0.1922903974521586E+03  0.2366839863021119E+03  0.2539809380236298E+03  0.2358214644571816E+03  0.2345117136033408E+03  0.2436856730703301E+03  0.2530843533139443E+03  0.2621605409679736E+03  0.9273013270080881E-03  0.3382133450351788E-03  0.0000000000000000E+00  0.0000000000000000E+00  0.0000000000000000E+00
 0.5000000000000000E+02  0.1272212635749291E+03  0.1922020615705929E+03  0.2366194174102010E+03  0.2539324960965385E+03  0.2356534387461534E+03  0.2343674191457503E+03  0.2435698859078522E+03  0.2530009846828165E+03  0.2621209365601796E+03  0.9269555661459048E-03  0.3365253771962537E-03  0.0000000000000000E+00  0.0000000000000000E+00  0.0000000000000000E+00
 0.5000000000000000E+02  0.1272028793542347E+03  0.1921157810284205E+03  0.2365563613870763E+03  0.2538851642856954E+03  0.2354887153259354E+03  0.2342259227384813E+03  0.2434563069017270E+03  0.2529192143116248E+03  0.2620821364722034E+03  0.9266186491621810E-03  0.3348792615601407E-03  0.0000000000000000E+00  0.0000000000000000E+00  0.0000000000000000E+00
 0.5000000000000000E+02  0.1271849460963684E+03  0.1920314980977481E+03  0.2364947756561541E+03  0.2538389122573701E+03  0.2353272228989259E+03  0.2340871637003701E+03  0.2433448886008033E+03  0.2528390076133515E+03  0.2620441218583446E+03  0.9262902956081771E-03  0.3332737318597716E-03  0.0000000000000000E+00  0.0000000000000000E+00  0.0000000000000000E+00
 0.5000000000000000E+02  0.1271674503201749E+03  0.1919491569887350E+03  0.2364346190559911E+03  0.2537937106452236E+03  0.2351688917291629E+03  0.2339510827385231E+03  0.2432355846456735E+03  0.2527603308032982E+03  0.2620068743663924E+03  0.9259702359224410E-03  0.3317075676745665E-03  0.0000000000000000E+00  0.0000000000000000E+00  0.0000000000000000E+00
 0.5000000000000000E+02  0.1271503790262628E+03  0.1918687037718245E+03  0.2363758517860185E+03  0.2537495310156244E+03  0.2350136536128317E+03  0.2338176219176476E+03  0.2431283497438150E+03  0.2526831508808550E+03  0.2619703761237886E+03  0.9256582109138698E-03  0.3301795924581120E-03  0.0000000000000000E+00  0.0000000000000000E+00  0.0000000000000000E+00
 0.5000000000000000E+02  0.1271337196765837E+03  0.1917900863038181E+03  0.2363184353545643E+03  0.2537063458342375E+03  0.2348614418489493E+03  0.2336867246298641E+03  0.2430231396451837E+03  0.2526074356115572E+03  0.2619346097241656E+03  0.9253539712749503E-03  0.3286886716675709E-03  0.0000000000000000E+00  0.0000000000000000E+00  0.0000000000000000E+00
 0.5000000000000000E+02  0.1271174601750465E+03  0.1917132541574092E+03  0.2362623325290727E+03  0.2536641284338747E+03  0.2347121912102522E+03  0.2335583355650992E+03  0.2429199111182625E+03  0.2525331535094408E+03  0.2618995582142478E+03  0.9250572771230595E-03  0.3272337109886132E-03  0.0000000000000000E+00  0.0000000000000000E+00  0.0000000000000000E+00
 0.5000000000000000E+02  0.1271015888490992E+03  0.1916381585540167E+03  0.2362075072884185E+03  0.2536228529835007E+03  0.2345658379143108E+03  0.2334324006819782E+03  0.2428186219265607E+03  0.2524602738197076E+03  0.2618652050811150E+03  0.9247678975677515E-03  0.3258136546493611E-03  0.0000000000000000E+00  0.0000000000000000E+00  0.0000000000000000E+00
 0.5000000000000000E+02  0.1270860944322266E+03  0.1915647522997917E+03  0.2361539247772313E+03  0.2535824944584352E+03  0.2344223195948928E+03  0.2333088671792514E+03  0.2427192308055657E+03  0.2523887665017003E+03  0.2618315342398226E+03  0.9244856103023806E-03  0.3244274838187578E-03  0.0000000000000000E+00  0.0000000000000000E+00  0.0000000000000000E+00
 0.5000000000000000E+02  0.1270709660473004E+03  0.1914929897245787E+03  0.2361015512621496E+03  0.2535430286117041E+03  0.2342815752735939E+03  0.2331876834677637E+03  0.2426216974401655E+03  0.2523186022121996E+03  0.2617985300213683E+03  0.9242102012181723E-03  0.3230742150832008E-03  0.0000000000000000E+00  0.0000000000000000E+00  0.0000000000000000E+00
 0.5000000000000000E+02  0.1270561931907385E+03  0.1914228266235897E+03  0.2360503540899063E+03  0.2535044319464194E+03  0.2341435453317570E+03  0.2330687991429311E+03  0.2425259824425067E+03  0.2522497522890376E+03  0.2617661771610013E+03  0.9239414640394921E-03  0.3217528989979581E-03  0.0000000000000000E+00  0.0000000000000000E+00  0.0000000000000000E+00
 0.5000000000000000E+02  0.1270417657174241E+03  0.1913542202018897E+03  0.2360003016471741E+03  0.2534666816892618E+03  0.2340081714826985E+03  0.2329521649577795E+03  0.2424320473303311E+03  0.2521821887350433E+03  0.2617344607868608E+03  0.9236791999786709E-03  0.3204626187079923E-03  0.0000000000000000E+00  0.0000000000000000E+00  0.0000000000000000E+00
 0.5000000000000000E+02  0.1270276738263402E+03  0.1912871290212047E+03  0.2359513633220962E+03  0.2534297557649757E+03  0.2338753967442528E+03  0.2328377327964544E+03  0.2423398545057373E+03  0.2521158842023061E+03  0.2617033664089495E+03  0.9234232174092731E-03  0.3192024886349415E-03  0.0000000000000000E+00  0.0000000000000000E+00  0.0000000000000000E+00
 0.5000000000000000E+02  0.1270139080468789E+03  0.1912215129491828E+03  0.2359035094674199E+03  0.2533936327718256E+03  0.2337451654116531E+03  0.2327254556482981E+03  0.2422493672344148E+03  0.2520508119767674E+03  0.2616728799084206E+03  0.9231733315565051E-03  0.3179716532259417E-03  0.0000000000000000E+00  0.0000000000000000E+00  0.0000000000000000E+00
 0.5000000000000000E+02  0.1270004592257892E+03  0.1911573331109098E+03  0.2358567113651632E+03  0.2533582919579968E+03  0.2336174230307612E+03  0.2326152875824150E+03  0.2421605496253033E+03  0.2519869459631364E+03  0.2616429875271799E+03  0.9229293642037444E-03  0.3167692857611163E-03  0.0000000000000000E+00  0.0000000000000000E+00  0.0000000000000000E+00
 0.5000000000000000E+02  0.1269873185147287E+03  0.1910945518424976E+03  0.2358109411927510E+03  0.2533237131989256E+03  0.2334921163716567E+03  0.2325071837227675E+03  0.2420733666107014E+03  0.2519242606701276E+03  0.2616136758577846E+03  0.9226911434141445E-03  0.3155945872164760E-03  0.0000000000000000E+00  0.0000000000000000E+00  0.0000000000000000E+00
 0.5000000000000000E+02  0.1269744773583829E+03  0.1910331326467295E+03  0.2357661719905495E+03  0.2532898769754833E+03  0.2333691934025976E+03  0.2324011002237702E+03  0.2419877839268055E+03  0.2518627311960186E+03  0.2615849318336466E+03  0.9224585032663810E-03  0.3144467851790304E-03  0.0000000000000000E+00  0.0000000000000000E+00  0.0000000000000000E+00
 0.5000000000000000E+02  0.1269619274831261E+03  0.1909730401506090E+03  0.2357223776307418E+03  0.2532567643530155E+03  0.2332486032643567E+03  0.2322969942463706E+03  0.2419037680946763E+03  0.2518023332145249E+03  0.2615567427195199E+03  0.9222312836037283E-03  0.3133251328115503E-03  0.0000000000000000E+00  0.0000000000000000E+00  0.0000000000000000E+00
 0.5000000000000000E+02  0.1269496608861909E+03  0.1909142400647224E+03  0.2356795327874802E+03  0.2532243569611745E+03  0.2331302962449466E+03  0.2321948239346614E+03  0.2418212864016342E+03  0.2517430429609948E+03  0.2615290961022698E+03  0.9220093297955430E-03  0.3122289078639289E-03  0.0000000000000000E+00  0.0000000000000000E+00  0.0000000000000000E+00
 0.5000000000000000E+02  0.1269376698253208E+03  0.1908566991442880E+03  0.2356376129082601E+03  0.2531926369745465E+03  0.2330142237547395E+03  0.2320945483929670E+03  0.2417403068830645E+03  0.2516848372189066E+03  0.2615019798819114E+03  0.9217924925105361E-03  0.3111574117289704E-03  0.0000000000000000E+00  0.0000000000000000E+00  0.0000000000000000E+00
 0.5000000000000000E+02  0.1269259468088841E+03  0.1908003851519375E+03  0.2355965941864584E+03  0.2531615870939952E+03  0.2329003383019816E+03  0.2319961276633939E+03  0.2416607983046415E+03  0.2516276933066801E+03  0.2614753822629189E+03  0.9215806275011142E-03  0.3101099685404358E-03  0.0000000000000000E+00  0.0000000000000000E+00  0.0000000000000000E+00
 0.5000000000000000E+02  0.1269144845864181E+03  0.1907452668219327E+03  0.2355564535349903E+03  0.2531311905287613E+03  0.2327885934687122E+03  0.2318995227038975E+03  0.2415827301449480E+03  0.2515715890647879E+03  0.2614492917457881E+03  0.9213735953980499E-03  0.3090859243104261E-03  0.0000000000000000E+00  0.0000000000000000E+00  0.0000000000000000E+00
 0.5000000000000000E+02  0.1269032761395901E+03  0.1906913138259538E+03  0.2355171685610264E+03  0.2531014309792097E+03  0.2326789438870897E+03  0.2318046953668002E+03  0.2415060725784931E+03  0.2515165028431623E+03  0.2614236971188516E+03  0.9211712615150556E-03  0.3080846461051877E-03  0.0000000000000000E+00  0.0000000000000000E+00  0.0000000000000000E+00
 0.5000000000000000E+02  0.1268923146735459E+03  0.1906384967402912E+03  0.2354787175417305E+03  0.2530722926202657E+03  0.2325713452161249E+03  0.2317116083777801E+03  0.2414307964591278E+03  0.2514624134889007E+03  0.2613985874503336E+03  0.9209734956625226E-03  0.3071055212562021E-03  0.0000000000000000E+00  0.0000000000000000E+00  0.0000000000000000E+00
 0.5000000000000000E+02  0.1268815936086348E+03  0.1905867870143237E+03  0.2354410794009670E+03  0.2530437600854582E+03  0.2324657541188267E+03  0.2316202253153214E+03  0.2413568733038403E+03  0.2514093003342562E+03  0.2613739520806432E+03  0.9207801719700676E-03  0.3061479566058439E-03  0.0000000000000000E+00  0.0000000000000000E+00  0.0000000000000000E+00
 0.5000000000000000E+02  0.1268711065724827E+03  0.1905361569403084E+03  0.2354042336869359E+03  0.2530158184515856E+03  0.2323621282397568E+03  0.2315305105906101E+03  0.2412842752769307E+03  0.2513571431849134E+03  0.2613497806149003E+03  0.9205911687172691E-03  0.3052113777850484E-03  0.0000000000000000E+00  0.0000000000000000E+00  0.0000000000000000E+00
 0.5000000000000000E+02  0.1268608473924058E+03  0.1904865796244273E+03  0.2353681605507003E+03  0.2529884532239741E+03  0.2322604261829990E+03  0.2314424294278895E+03  0.2412129751745377E+03  0.2513059223085410E+03  0.2613260629156742E+03  0.9204063681722281E-03  0.3042952285218928E-03  0.0000000000000000E+00  0.0000000000000000E+00  0.0000000000000000E+00
 0.5000000000000000E+02  0.1268508100881423E+03  0.1904380289589022E+03  0.2353328407255556E+03  0.2529616503222564E+03  0.2321606074905359E+03  0.2313559478452299E+03  0.2411429464095649E+03  0.2512556184236203E+03  0.2613027890959424E+03  0.9202256564375136E-03  0.3033989699795607E-03  0.0000000000000000E+00  0.0000000000000000E+00  0.0000000000000000E+00
 0.5000000000000000E+02  0.1268409888648870E+03  0.1903904795952923E+03  0.2352982555072125E+03  0.2529353960667194E+03  0.2320626326210403E+03  0.2312710326357671E+03  0.2410741629969273E+03  0.2512062126885394E+03  0.2612799495122591E+03  0.9200489233030452E-03  0.3025220801218642E-03  0.0000000000000000E+00  0.0000000000000000E+00  0.0000000000000000E+00
 0.5000000000000000E+02  0.1268313781066170E+03  0.1903439069188319E+03  0.2352643867347561E+03  0.2529096771651616E+03  0.2319664629290715E+03  0.2311876513493241E+03  0.2410065995391565E+03  0.2511576866909478E+03  0.2612575347581229E+03  0.9198760621056088E-03  0.3016640531054451E-03  0.0000000000000000E+00  0.0000000000000000E+00  0.0000000000000000E+00
 0.5000000000000000E+02  0.1268219723696939E+03  0.1902982870237782E+03  0.2352312167723446E+03  0.2528844807002217E+03  0.2318720606446810E+03  0.2311057722744791E+03  0.2409402312123655E+03  0.2511100224373743E+03  0.2612355356575439E+03  0.9197069695946354E-03  0.3008243986972431E-03  0.0000000000000000E+00  0.0000000000000000E+00  0.0000000000000000E+00
 0.5000000000000000E+02  0.1268127663767263E+03  0.1902535966896500E+03  0.2351987284916174E+03  0.2528597941172024E+03  0.2317793888534194E+03  0.2310253644210253E+03  0.2408750337525240E+03  0.2510632023430931E+03  0.2612139432587962E+03  0.9195415458039052E-03  0.3000026417159143E-03  0.0000000000000000E+00  0.0000000000000000E+00  0.0000000000000000E+00
 0.5000000000000000E+02  0.1268037550106850E+03  0.1902098133585194E+03  0.2351669052547782E+03  0.2528356052123167E+03  0.2316884114767469E+03  0.2309463975028479E+03  0.2408109834420702E+03  0.2510172092222363E+03  0.2611927488283579E+03  0.9193796939288574E-03  0.2991983214961158E-03  0.0000000000000000E+00  0.0000000000000000E+00  0.0000000000000000E+00
 0.5000000000000000E+02  0.1267949333092551E+03  0.1901669151130544E+03  0.2351357308983315E+03  0.2528119021214174E+03  0.2315990932528404E+03  0.2308688419211794E+03  0.2407480570968468E+03  0.2509720262781479E+03  0.2611719438450302E+03  0.9192213202092556E-03  0.2984109913746261E-03  0.0000000000000000E+00  0.0000000000000000E+00  0.0000000000000000E+00
 0.5000000000000000E+02  0.1267862964594169E+03  0.1901248806554518E+03  0.2351051897174346E+03  0.2527886733090843E+03  0.2315113997177940E+03  0.2307926687482552E+03  0.2406862320533506E+03  0.2509276370939768E+03  0.2611515199942245E+03  0.9190663338169421E-03  0.2976402181974096E-03  0.0000000000000000E+00  0.0000000000000000E+00  0.0000000000000000E+00
 0.5000000000000000E+02  0.1267778397922450E+03  0.1900836892872019E+03  0.2350752664508472E+03  0.2527659075581588E+03  0.2314252971872102E+03  0.2307178497113411E+03  0.2406254861562819E+03  0.2508840256234947E+03  0.2611314691624196E+03  0.9189146467483511E-03  0.2968855818464224E-03  0.0000000000000000E+00  0.0000000000000000E+00  0.0000000000000000E+00
 0.5000000000000000E+02  0.1267695587779132E+03  0.1900433208895556E+03  0.2350459462664464E+03  0.2527435939596265E+03  0.2313407527381764E+03  0.2306443571771379E+03  0.2405657977464020E+03  0.2508411761821469E+03  0.2611117834317848E+03  0.9187661737216788E-03  0.2961466747854408E-03  0.0000000000000000E+00  0.0000000000000000E+00  0.0000000000000000E+00
 0.5000000000000000E+02  0.1267614490208959E+03  0.1900037559047548E+03  0.2350172147472862E+03  0.2527217219028865E+03  0.2312577341916232E+03  0.2305721641365542E+03  0.2405071456486791E+03  0.2507990734383179E+03  0.2610924550749526E+03  0.9186208320782807E-03  0.2954231016237283E-03  0.0000000000000000E+00  0.0000000000000000E+00  0.0000000000000000E+00
 0.5000000000000000E+02  0.1267535062553616E+03  0.1899649753179542E+03  0.2349890578781766E+03  0.2527002810663609E+03  0.2311762100950585E+03  0.2305012441898256E+03  0.2404495091607291E+03  0.2507577024048149E+03  0.2610734765499500E+03  0.9184785416883185E-03  0.2947144786972762E-03  0.0000000000000000E+00  0.0000000000000000E+00  0.0000000000000000E+00
 0.5000000000000000E+02  0.1267457263407478E+03  0.1899269606398724E+03  0.2349614620327643E+03  0.2526792614084601E+03  0.2310961497056724E+03  0.2304315715319970E+03  0.2403928680415301E+03  0.2507170484305632E+03  0.2610548404952700E+03  0.9183392248603088E-03  0.2940204336665810E-03  0.0000000000000000E+00  0.0000000000000000E+00  0.0000000000000000E+00
 0.5000000000000000E+02  0.1267381052575027E+03  0.1898896938899604E+03  0.2349344139610885E+03  0.2526586531588507E+03  0.2310175229738097E+03  0.2303631209387391E+03  0.2403372025004114E+03  0.2506770971925042E+03  0.2610365397250964E+03  0.9182028062543597E-03  0.2933406051296970E-03  0.0000000000000000E+00  0.0000000000000000E+00  0.0000000000000000E+00
 0.5000000000000000E+02  0.1267306391029991E+03  0.1898531575803248E+03  0.2349079007775941E+03  0.2526384468100349E+03  0.2309403005268023E+03  0.2302958677525097E+03  0.2402824931863103E+03  0.2506378346876967E+03  0.2610185672246574E+03  0.9180692127990707E-03  0.2926746422510004E-03  0.0000000000000000E+00  0.0000000000000000E+00  0.0000000000000000E+00
 0.5000000000000000E+02  0.1267233240875999E+03  0.1898173347001039E+03  0.2348819099495851E+03  0.2526186331092644E+03  0.2308644536531569E+03  0.2302297878690374E+03  0.2402287211773000E+03  0.2505992472256115E+03  0.2610009161457168E+03  0.9179383736117480E-03  0.2920222044038156E-03  0.0000000000000000E+00  0.0000000000000000E+00  0.0000000000000000E+00
 0.5000000000000000E+02  0.1267161565308793E+03  0.1897822087005550E+03  0.2348564292860969E+03  0.2525992030506835E+03  0.2307899542870946E+03  0.2301648577241363E+03  0.2401758679703603E+03  0.2505613214206198E+03  0.2609835798021968E+03  0.9178102199219114E-03  0.2913829608271181E-03  0.0000000000000000E+00  0.0000000000000000E+00  0.0000000000000000E+00
 0.5000000000000000E+02  0.1267091328579834E+03  0.1897477634805419E+03  0.2348314469271716E+03  0.2525801478677976E+03  0.2307167749934319E+03  0.2301010542808156E+03  0.2401239154714140E+03  0.2505240441846707E+03  0.2609665516659204E+03  0.9176846849978331E-03  0.2907565902951631E-03  0.0000000000000000E+00  0.0000000000000000E+00  0.0000000000000000E+00
 0.5000000000000000E+02  0.1267022495961336E+03  0.1897139833726420E+03  0.2348069513335182E+03  0.2525614590261653E+03  0.2306448889528028E+03  0.2300383550167306E+03  0.2400728459855842E+03  0.2504874027201438E+03  0.2609498253624841E+03  0.9175617040760915E-03  0.2901427807999676E-03  0.0000000000000000E+00  0.0000000000000000E+00  0.0000000000000000E+00
 0.5000000000000000E+02  0.1266955033712603E+03  0.1896808531296849E+03  0.2347829312765462E+03  0.2525431282163920E+03  0.2305742699472132E+03  0.2299767379119088E+03  0.2400226422077151E+03  0.2504513845128859E+03  0.2609333946672449E+03  0.9174412142938873E-03  0.2895412292457896E-03  0.0000000000000000E+00  0.0000000000000000E+00  0.0000000000000000E+00
 0.5000000000000000E+02  0.1266888909047603E+03  0.1896483579118010E+03  0.2347593758287518E+03  0.2525251473473134E+03  0.2305048923459220E+03  0.2299161814367829E+03  0.2399732872131086E+03  0.2504159773254193E+03  0.2609172535014190E+03  0.9173231546240254E-03  0.2889516411548223E-03  0.0000000000000000E+00  0.0000000000000000E+00  0.0000000000000000E+00
 0.5000000000000000E+02  0.1266824090103812E+03  0.1896164832739501E+03  0.2347362743544447E+03  0.2525075085394492E+03  0.2304367310916446E+03  0.2298566645405104E+03  0.2399247644485002E+03  0.2503811691903183E+03  0.2609013959282923E+03  0.9172074658125248E-03  0.2883737303845278E-03  0.0000000000000000E+00  0.0000000000000000E+00  0.0000000000000000E+00
 0.5000000000000000E+02  0.1266760545912164E+03  0.1895852151538210E+03  0.2347136165008053E+03  0.2524902041186789E+03  0.2303697616870707E+03  0.2297981666395740E+03  0.2398770577232446E+03  0.2503469484037539E+03  0.2608858161495451E+03  0.9170940903185835E-03  0.2878072188549432E-03  0.0000000000000000E+00  0.0000000000000000E+00  0.0000000000000000E+00
 0.5000000000000000E+02  0.1266698246368137E+03  0.1895545398601960E+03  0.2346913921892507E+03  0.2524732266101088E+03  0.2303039601816928E+03  0.2297406676066629E+03  0.2398301512007253E+03  0.2503133035191944E+03  0.2608705085016695E+03  0.9169829722569451E-03  0.2872518362865095E-03  0.0000000000000000E+00  0.0000000000000000E+00  0.0000000000000000E+00
 0.5000000000000000E+02  0.1266637162203908E+03  0.1895244440617425E+03  0.2346695916071061E+03  0.2524565687321790E+03  0.2302393031589372E+03  0.2296841477598141E+03  0.2397840293899752E+03  0.2502802233412681E+03  0.2608554674524993E+03  0.9168740573424614E-03  0.2867073199474600E-03  0.0000000000000000E+00  0.0000000000000000E+00  0.0000000000000000E+00
 0.5000000000000000E+02  0.1266577264961517E+03  0.1894949147761452E+03  0.2346482051995629E+03  0.2524402233909455E+03  0.2301757677235935E+03  0.2296285878518242E+03  0.2397386771374996E+03  0.2502476969197773E+03  0.2608406875978289E+03  0.9167672928368148E-03  0.2861734144105933E-03  0.0000000000000000E+00  0.0000000000000000E+00  0.0000000000000000E+00
 0.5000000000000000E+02  0.1266518526967016E+03  0.1894659393596122E+03  0.2346272236619162E+03  0.2524241836745690E+03  0.2301133314895378E+03  0.2295739690599332E+03  0.2396940796193067E+03  0.2502157135438618E+03  0.2608261636581309E+03  0.9166626274972429E-03  0.2856498713188459E-03  0.0000000000000000E+00  0.0000000000000000E+00  0.0000000000000000E+00
