0.0000e+00
1.0000e+02
9.3514e+01
8.9630e+01
8.6646e+01
8.4074e+01
8.1853e+01
8.0019e+01
7.8509e+01
7.7258e+01
7.6213e+01
7.5335e+01
7.4594e+01
7.3965e+01
7.3428e+01
7.2969e+01
7.2575e+01
7.2236e+01
7.1944e+01
7.1690e+01
7.1471e+01
7.1280e+01
7.1113e+01
7.0968e+01
7.0841e+01
7.0729e+01
7.0635e+01
7.0550e+01
7.0476e+01
7.0410e+01
7.0351e+01
7.0299e+01
7.0252e+01
7.0210e+01
7.0173e+01
7.0139e+01
7.0109e+01
0.0000e+00
1.0000e+02
1.0085e+02
9.9136e+01
9.6459e+01
9.3669e+01
9.1139e+01
8.8865e+01
8.6861e+01
8.5119e+01
8.3617e+01
8.2327e+01
8.1222e+01
8.0277e+01
7.9467e+01
7.8775e+01
7.8182e+01
7.7674e+01
7.7238e+01
7.6864e+01
7.6543e+01
7.6267e+01
7.6029e+01
7.5824e+01
7.5647e+01
7.5495e+01
7.5367e+01
7.5256e+01
7.5159e+01
7.5075e+01
7.5002e+01
7.4939e+01
7.4883e+01
7.4835e+01
7.4792e+01
7.4755e+01
7.4723e+01
-1.3444e+00
1.8574e+01
2.3980e+01
2.9226e+01
3.4439e+01
3.9297e+01
4.3529e+01
4.7130e+01
5.0172e+01
5.2737e+01
5.4902e+01
5.6731e+01
5.8282e+01
5.9599e+01
6.0720e+01
6.1677e+01
6.2495e+01
6.3196e+01
6.3797e+01
6.4315e+01
6.4760e+01
6.5145e+01
6.5477e+01
6.5765e+01
6.6015e+01
6.6231e+01
6.6414e+01
6.6574e+01
6.6714e+01
6.6837e+01
6.6945e+01
6.7041e+01
6.7125e+01
6.7199e+01
6.7264e+01
6.7322e+01
6.7374e+01
-3.4058e-01
-2.8091e-01
-1.4665e-01
2.8460e-02
2.2804e-01
4.3427e-01
6.3296e-01
8.1571e-01
9.7927e-01
1.1235e+00
1.2495e+00
1.3591e+00
1.4542e+00
1.5365e+00
1.6077e+00
1.6693e+00
1.7226e+00
1.7688e+00
1.8087e+00
1.8433e+00
1.8733e+00
1.8993e+00
1.9218e+00
1.9414e+00
1.9585e+00
1.9734e+00
1.9862e+00
1.9972e+00
2.0068e+00
2.0153e+00
2.0227e+00
2.0293e+00
2.0351e+00
2.0402e+00
2.0447e+00
2.0487e+00
2.0523e+00
6.6225e-01
7.1726e-01
9.7371e-01
1.2724e+00
1.5608e+00
1.8269e+00
2.0692e+00
2.2896e+00
2.4908e+00
2.6751e+00
2.8445e+00
3.0005e+00
3.1441e+00
3.2763e+00
3.3979e+00
3.5098e+00
3.6127e+00
3.7072e+00
3.7940e+00
3.8738e+00
3.9471e+00
4.0146e+00
4.0766e+00
4.1338e+00
4.1866e+00
4.2353e+00
4.2793e+00
4.3198e+00
4.3573e+00
4.3921e+00
4.4246e+00
4.4549e+00
4.4832e+00
4.5097e+00
4.5345e+00
4.5579e+00
4.5798e+00
2.8501e+00
2.7306e+00
2.9835e+00
3.5915e+00
4.3925e+00
5.2729e+00
6.1674e+00
7.0408e+00
7.8746e+00
8.6598e+00
9.3925e+00
1.0072e+01
1.0700e+01
1.1278e+01
1.1809e+01
1.2297e+01
1.2745e+01
1.3157e+01
1.3534e+01
1.3881e+01
1.4199e+01
1.4492e+01
1.4762e+01
1.5011e+01
1.5241e+01
1.5453e+01
1.5643e+01
1.5819e+01
1.5983e+01
1.6136e+01
1.6279e+01
1.6413e+01
1.6538e+01
1.6655e+01
1.6766e+01
1.6869e+01
1.6967e+01
9.5266e-01
1.0250e+00
1.1735e+00
1.3823e+00
1.6901e+00
2.0779e+00
2.5075e+00
2.9480e+00
3.3800e+00
3.7924e+00
4.1795e+00
4.5391e+00
4.8709e+00
5.1755e+00
5.4546e+00
5.7097e+00
5.9428e+00
6.1556e+00
6.3501e+00
6.5278e+00
6.6903e+00
6.8391e+00
6.9755e+00
7.1006e+00
7.2156e+00
7.3214e+00
7.4160e+00
7.5034e+00
7.5843e+00
7.6594e+00
7.7291e+00
7.7939e+00
7.8544e+00
7.9108e+00
7.9635e+00
8.0129e+00
8.0592e+00
8.1727e-01
9.3665e-01
1.5475e+00
2.4041e+00
3.2326e+00
3.9650e+00
4.6052e+00
5.1688e+00
5.6693e+00
6.1160e+00
6.5164e+00
6.8762e+00
7.2002e+00
7.4926e+00
7.7569e+00
7.9963e+00
8.2135e+00
8.4109e+00
8.5906e+00
8.7544e+00
8.9041e+00
9.0410e+00
9.1665e+00
9.2817e+00
9.3877e+00
9.4853e+00
9.5728e+00
9.6539e+00
9.7291e+00
9.7989e+00
9.8638e+00
9.9244e+00
9.9808e+00
1.0034e+01
1.0083e+01
1.0130e+01
1.0173e+01
