-6.5067e-03
9.9983e+01
9.3504e+01
8.9637e+01
8.6632e+01
8.4101e+01
8.1862e+01
7.9992e+01
7.8506e+01
7.7243e+01
7.6255e+01
7.5306e+01
7.4581e+01
7.3941e+01
7.3427e+01
7.2978e+01
7.2582e+01
7.2234e+01
7.1920e+01
7.1696e+01
7.1490e+01
7.1264e+01
7.1151e+01
7.0982e+01
7.0813e+01
7.0749e+01
7.0611e+01
7.0568e+01
7.0500e+01
7.0423e+01
7.0334e+01
7.0306e+01
7.0219e+01
7.0217e+01
7.0140e+01
7.0106e+01
7.0112e+01
-6.3297e-04
1.0001e+02
1.0088e+02
9.9080e+01
9.6409e+01
9.3658e+01
9.1154e+01
8.8828e+01
8.6857e+01
8.5128e+01
8.3659e+01
8.2273e+01
8.1240e+01
8.0271e+01
7.9441e+01
7.8776e+01
7.8192e+01
7.7640e+01
7.7213e+01
7.6884e+01
7.6542e+01
7.6216e+01
7.6023e+01
7.5800e+01
7.5637e+01
7.5508e+01
7.5378e+01
7.5244e+01
7.5157e+01
7.5080e+01
7.4976e+01
7.4986e+01
7.4888e+01
7.4840e+01
7.4784e+01
7.4784e+01
7.4742e+01
-1.3603e+00
1.8574e+01
2.3988e+01
2.9218e+01
3.4394e+01
3.9314e+01
4.3519e+01
4.7134e+01
5.0180e+01
5.2747e+01
5.4911e+01
5.6762e+01
5.8308e+01
5.9609e+01
6.0702e+01
6.1691e+01
6.2472e+01
6.3216e+01
6.3822e+01
6.4314e+01
6.4779e+01
6.5169e+01
6.5467e+01
6.5781e+01
6.6008e+01
6.6229e+01
6.6445e+01
6.6569e+01
6.6727e+01
6.6850e+01
6.6922e+01
6.7045e+01
6.7134e+01
6.7217e+01
6.7271e+01
6.7345e+01
6.7405e+01
-3.6831e-01
-2.6786e-01
-1.2447e-01
2.9638e-02
2.2166e-01
4.2050e-01
6.3844e-01
8.3751e-01
9.8589e-01
1.1089e+00
1.2280e+00
1.3446e+00
1.4530e+00
1.5551e+00
1.6044e+00
1.6465e+00
1.7553e+00
1.7371e+00
1.8088e+00
1.8412e+00
1.8632e+00
1.9014e+00
1.9131e+00
1.9942e+00
1.9583e+00
2.0239e+00
1.9738e+00
1.9951e+00
2.0031e+00
1.9999e+00
2.0300e+00
2.0666e+00
2.0175e+00
2.0470e+00
2.0619e+00
2.0104e+00
2.0673e+00
6.8384e-01
6.8478e-01
9.9700e-01
1.2712e+00
1.5498e+00
1.8289e+00
2.0487e+00
2.3106e+00
2.5054e+00
2.6889e+00
2.8781e+00
2.9896e+00
3.1488e+00
3.3073e+00
3.4011e+00
3.4809e+00
3.6053e+00
3.6918e+00
3.7664e+00
3.8716e+00
3.9536e+00
3.9776e+00
4.0704e+00
4.0989e+00
4.1764e+00
4.2272e+00
4.3217e+00
4.3128e+00
4.3615e+00
4.3941e+00
4.3840e+00
4.4470e+00
4.4940e+00
4.5242e+00
4.5139e+00
4.5543e+00
4.6039e+00
2.8709e+00
2.7424e+00
2.9896e+00
3.6263e+00
4.4319e+00
5.2659e+00
6.1706e+00
7.0896e+00
7.8656e+00
8.6684e+00
9.3569e+00
1.0061e+01
1.0697e+01
1.1286e+01
1.1843e+01
1.2296e+01
1.2732e+01
1.3159e+01
1.3556e+01
1.3893e+01
1.4208e+01
1.4517e+01
1.4768e+01
1.5015e+01
1.5237e+01
1.5472e+01
1.5617e+01
1.5845e+01
1.5998e+01
1.6141e+01
1.6279e+01
1.6423e+01
1.6521e+01
1.6628e+01
1.6804e+01
1.6886e+01
1.6990e+01
9.4784e-01
1.0523e+00
1.1609e+00
1.3791e+00
1.6783e+00
2.0874e+00
2.4935e+00
2.9946e+00
3.4030e+00
3.7732e+00
4.1334e+00
4.5428e+00
4.8338e+00
5.1678e+00
5.4565e+00
5.7176e+00
5.9378e+00
6.1598e+00
6.3984e+00
6.5364e+00
6.7042e+00
6.8533e+00
6.9801e+00
7.1417e+00
7.1794e+00
7.3268e+00
7.3929e+00
7.5176e+00
7.5949e+00
7.6447e+00
7.7420e+00
7.8033e+00
7.8369e+00
7.9423e+00
8.0139e+00
8.0460e+00
8.0996e+00
8.2320e-01
9.4177e-01
1.5356e+00
2.3840e+00
3.2036e+00
3.9329e+00
4.5804e+00
5.1192e+00
5.6493e+00
6.1479e+00
6.4758e+00
6.8738e+00
7.2355e+00
7.4786e+00
7.7061e+00
7.9939e+00
8.2075e+00
8.4530e+00
8.5978e+00
8.7504e+00
8.8636e+00
9.0512e+00
9.1439e+00
9.2896e+00
9.4074e+00
9.5044e+00
9.5732e+00
9.6588e+00
9.7355e+00
9.7813e+00
9.9182e+00
9.9325e+00
9.9308e+00
1.0040e+01
1.0065e+01
1.0160e+01
1.0165e+01
