-2.1999e+02
-9.6393e+00
-2.9079e+00
-2.1446e+00
-1.4699e+00
-1.0963e+00
-9.1640e-01
-7.3162e-01
-5.7800e-01
-5.0769e-01
-4.5114e-01
-4.7882e-01
-5.0938e-01
-4.4346e-01
-3.8021e-01
-3.8190e-01
-2.6133e-01
-2.8916e-01
-2.3652e-01
-2.5667e-01
-1.7867e-01
-1.9746e-01
-1.7877e-01
-1.4837e-01
-1.5218e-01
-1.7880e-01
-1.3577e-01
-1.2698e-01
-1.2978e-01
-1.1385e-01
-8.7982e-02
-1.1701e-01
-9.9803e-02
-8.7317e-02
-8.5423e-02
-1.0295e-01
-1.1997e+02
-1.6893e-02
1.4458e-02
-8.4337e+00
-6.5718e+00
-6.0097e+00
-5.2725e+00
-4.5751e+00
-3.9833e+00
-3.5220e+00
-3.0604e+00
-2.7524e+00
-2.4106e+00
-2.2094e+00
-1.9824e+00
-1.8334e+00
-1.5929e+00
-1.5073e+00
-1.3299e+00
-1.2121e+00
-1.0845e+00
-1.0193e+00
-9.4231e-01
-8.5277e-01
-7.6902e-01
-7.3189e-01
-6.7194e-01
-6.1654e-01
-5.3862e-01
-5.0732e-01
-4.9877e-01
-4.2246e-01
-3.8354e-01
-3.3917e-01
-3.3870e-01
-3.6793e-01
-1.9999e+01
-4.2764e+00
-4.3911e+00
-4.7196e+00
-5.2055e+00
-5.5075e+00
-5.4063e+00
-5.0876e+00
-4.7721e+00
-4.3909e+00
-3.9765e+00
-3.6794e+00
-3.3817e+00
-3.0642e+00
-2.7842e+00
-2.5342e+00
-2.3427e+00
-2.1750e+00
-1.9204e+00
-1.7757e+00
-1.6169e+00
-1.5153e+00
-1.3743e+00
-1.2805e+00
-1.1173e+00
-1.0738e+00
-9.7796e-01
-9.1505e-01
-8.4138e-01
-7.9692e-01
-6.9957e-01
-6.9564e-01
-5.7906e-01
-5.7445e-01
-5.1769e-01
-4.9723e-01
1.3285e-01
-1.1773e-01
-3.6495e-01
-7.6336e-01
-1.0915e+00
-1.3679e+00
-1.5404e+00
-1.7375e+00
-1.7784e+00
-1.8059e+00
-1.7395e+00
-1.7378e+00
-1.6832e+00
-1.6012e+00
-1.4862e+00
-1.4311e+00
-1.3096e+00
-1.2162e+00
-1.2034e+00
-1.0835e+00
-1.0311e+00
-9.4370e-01
-8.5390e-01
-8.4229e-01
-7.9034e-01
-7.4080e-01
-6.9608e-01
-6.2425e-01
-5.9733e-01
-5.3351e-01
-5.5920e-01
-5.0340e-01
-4.5789e-01
-4.3984e-01
-4.0273e-01
-3.5503e-01
1.6403e-02
-2.9515e-02
4.4083e-03
-8.6081e-02
-1.6627e-01
-1.9280e-01
-2.6515e-01
-2.5248e-01
-2.9366e-01
-2.7770e-01
-2.7304e-01
-3.0551e-01
-2.7001e-01
-2.6781e-01
-2.4297e-01
-2.2733e-01
-2.4689e-01
-2.0534e-01
-2.0616e-01
-1.7968e-01
-1.9933e-01
-1.4712e-01
-1.5448e-01
-1.5916e-01
-9.3199e-02
-1.1825e-01
-1.3808e-01
-6.8327e-02
-1.4326e-01
-8.8058e-02
-1.0052e-01
-1.2685e-01
-8.7302e-02
-4.9793e-02
-3.7293e-02
-6.8089e-02
-8.7367e-01
-3.3217e+00
-4.8097e+00
-5.3682e+00
-5.3810e+00
-5.2682e+00
-4.9925e+00
-4.6602e+00
-4.3367e+00
-4.0283e+00
-3.6829e+00
-3.4123e+00
-3.1066e+00
-2.9139e+00
-2.6791e+00
-2.4976e+00
-2.3175e+00
-2.1502e+00
-2.0076e+00
-1.8638e+00
-1.7182e+00
-1.6486e+00
-1.5160e+00
-1.4238e+00
-1.3792e+00
-1.2643e+00
-1.1869e+00
-1.1139e+00
-1.0323e+00
-9.5998e-01
-9.0249e-01
-8.9298e-01
-8.5351e-01
-7.6859e-01
-7.8437e-01
-7.0563e-01
-1.1261e+00
-3.8089e+00
-4.8832e+00
-5.0559e+00
-4.8658e+00
-4.5838e+00
-4.3134e+00
-3.9728e+00
-3.7181e+00
-3.4121e+00
-3.2007e+00
-2.9320e+00
-2.7697e+00
-2.5268e+00
-2.3456e+00
-2.2000e+00
-2.0656e+00
-1.9329e+00
-1.7906e+00
-1.6888e+00
-1.6060e+00
-1.4825e+00
-1.4052e+00
-1.2867e+00
-1.2510e+00
-1.1933e+00
-1.0889e+00
-9.7703e-01
-9.2592e-01
-9.1444e-01
-8.6906e-01
-7.8991e-01
-7.6533e-01
-6.8618e-01
-7.2802e-01
-6.1179e-01
1.3117e-01
-2.2926e-02
-4.0390e-01
-8.0731e-01
-1.1661e+00
-1.4106e+00
-1.6197e+00
-1.7168e+00
-1.7899e+00
-1.7835e+00
-1.7496e+00
-1.7487e+00
-1.6878e+00
-1.6313e+00
-1.5937e+00
-1.5380e+00
-1.4221e+00
-1.3406e+00
-1.3602e+00
-1.2628e+00
-1.1969e+00
-1.1027e+00
-1.0593e+00
-9.6999e-01
-9.7464e-01
-9.3570e-01
-8.5938e-01
-7.7330e-01
-7.3927e-01
-7.1825e-01
-6.9201e-01
-6.3914e-01
-6.2327e-01
-5.6122e-01
-4.9357e-01
-4.7746e-01
1.5440e-01
1.5999e-01
4.2549e-02
-2.0757e-01
-4.2997e-01
-6.4698e-01
-8.2146e-01
-1.0029e+00
-1.0602e+00
-1.1464e+00
-1.1282e+00
-1.1936e+00
-1.2182e+00
-1.1731e+00
-1.1552e+00
-1.1504e+00
-1.0846e+00
-1.0423e+00
-1.0316e+00
-9.6214e-01
-9.0162e-01
-8.3893e-01
-8.3967e-01
-7.7011e-01
-7.5692e-01
-6.7381e-01
-6.3767e-01
-6.1326e-01
-5.7324e-01
-4.8689e-01
-4.8890e-01
-4.7540e-01
-4.5872e-01
-4.0385e-01
-4.4804e-01
-3.8902e-01
2.8055e-01
1.3037e-01
5.3373e-02
-9.2667e-02
-2.2675e-01
-3.2978e-01
-4.6553e-01
-5.8484e-01
-6.8638e-01
-7.2434e-01
-7.5789e-01
-7.5969e-01
-7.4801e-01
-7.5872e-01
-7.2888e-01
-7.5304e-01
-7.0500e-01
-6.8688e-01
-6.2319e-01
-6.3292e-01
-6.0826e-01
-5.4537e-01
-5.4309e-01
-5.1474e-01
-4.1788e-01
-4.3652e-01
-3.9404e-01
-4.1385e-01
-3.6549e-01
-2.9286e-01
-3.0857e-01
-3.0134e-01
-2.5307e-01
-3.2292e-01
-2.5984e-01
-2.2567e-01
