1.0636e-02
6.8699e-03
6.6940e-03
3.7205e-03
3.9003e-03
3.2771e-03
2.4691e-03
3.6418e-03
3.4796e-03
3.6836e-03
2.3131e-03
1.5761e-03
2.3826e-03
1.4020e-03
1.8009e-03
2.3900e-03
2.2789e-03
1.8665e-03
2.1230e-03
2.1913e-03
3.9210e-04
2.5601e-04
1.6419e-04
1.1677e-04
8.4008e-05
6.4703e-05
4.8141e-05
3.7505e-05
2.7740e-05
2.1251e-05
1.5078e-05
1.0871e-05
6.5853e-06
3.5035e-06
8.3351e-07
8.1485e-10
-2.0323e-10
1.8865e-10
-3.3061e-11
-6.9694e-10
8.9145e-05
5.2434e-05
3.7205e-05
2.8283e-05
2.2476e-05
1.7703e-05
1.3637e-05
1.0690e-05
7.9343e-06
5.4868e-06
3.7531e-06
2.0668e-06
9.7753e-07
6.6231e-08
-5.6447e-10
-5.4736e-10
-3.0770e-10
-2.4941e-10
-1.6448e-10
-5.7742e-10
6.0723e-08
4.7809e-08
3.0153e-08
1.3613e-08
1.4897e-09
-7.9297e-10
4.7523e-10
5.2937e-10
-2.9090e-10
1.2178e-09
-1.9820e-10
5.9615e-10
1.6409e-10
-5.0914e-10
-3.9660e-10
-4.8397e-10
9.8359e-11
-3.4260e-10
-5.3815e-10
8.4448e-11
3.5172e-06
3.5230e-06
3.5280e-06
3.5282e-06
3.5270e-06
3.5248e-06
3.5220e-06
3.5219e-06
3.5193e-06
3.5155e-06
3.5118e-06
3.5037e-06
3.4969e-06
3.4868e-06
3.4753e-06
3.4608e-06
3.4443e-06
3.4270e-06
3.4065e-06
3.3843e-06
