0.002802328991
-0.002355405043
-0.011021353264
-0.022889268075
-0.037330658192
-0.053458196989
-0.070379991424
-0.087235475832
-0.103307349114
-0.118056137531
-0.131129855993
-0.142345225798
-0.151654209997
-0.159107520705
-0.164821537146
-0.168951516209
-0.171678655213
-0.173173094229
-0.173639377212
-0.173254935082
-0.172184817077
-0.170573398159
-0.168542399926
-0.166191817685
-0.163602302650
-0.160838086662
-0.157949899839
-0.154977602626
-0.151952426259
-0.148898811685
-0.145835883442
-0.142778612524
-0.139738724496
-0.136725404180
-0.133745840644
-0.130805648210
-0.127909191971
-0.125059840056
-0.122260159885
-0.119512071597
-0.116816968732
-0.114175813805
-0.111589214585
-0.109057485465
-0.106580697273
-0.104158718035
-0.101791246635
-0.099477840817
-0.097217940683
-0.095010888544
-0.092855945776
-0.090752307248
-0.088585176899
-0.086608233876
-0.084668495031
-0.082770086718
-0.080915334882
-0.079104578137
-0.077337459927
-0.075613357080
-0.073931511782
-0.072291081921
-0.070691170057
-0.069130844849
-0.067609157608
-0.066125154763
-0.064677886848
-0.063266414747
-0.061889813870
-0.060547176849
-0.059237615196
-0.057960260263
-0.056714263729
-0.055498797782
-0.054313055103
-0.053156248711
-0.052027611745
-0.050926397175
-0.049851877481
-0.048803344319
-0.047780108160
-0.046781497929
-0.045806860622
-0.044855560931
-0.043926980862
-0.043020519342
-0.042135591832
-0.041271629936
-0.040428081015
-0.039604407794
-0.038800087976
-0.038014613859
-0.037247491952
-0.036498242604
-0.035766399623
-0.035051509918
-0.034353133133
-0.033670841292
-0.033004218454
-0.032352860367
-0.031716374141
-0.031094377911
-0.030486500529
-0.029892381241
-0.029311669395
-0.028744024138
-0.028189114127
-0.027646617250
-0.027116220358
-0.026597618992
-0.026090517131
-0.025594626937
-0.025109668518
-0.024635369690
-0.024171465743
-0.023717699226
-0.023273819732
-0.022839583683
-0.022414754136
-0.021999100579
-0.021592398748
-0.021194430438
-0.020804983328
-0.020423850806
-0.020050831805
-0.019685730635
-0.019328356832
-0.018978525003
-0.018636054680
-0.018300770174
-0.017972500439
-0.017651078941
-0.017336343520
-0.017028136276
-0.016726303436
-0.016430695239
-0.016141165826
-0.015857573127
-0.015579778747
-0.015307647876
-0.015041049170
-0.014779854670
-0.014523939698
