-0.128713016546
-0.277316740514
-0.417176161139
-0.529059321053
-0.614157191244
-0.672502193619
-0.711900098880
-0.735767800492
-0.748686402111
-0.753409727727
-0.751999832160
-0.746055296712
-0.736810024334
-0.725205698503
-0.711955975368
-0.697600251123
-0.682575490528
-0.667147150832
-0.651644683753
-0.636275767413
-0.621184668847
-0.606463295035
-0.592162079217
-0.578301762670
-0.564883454307
-0.551896239777
-0.539322515543
-0.527141526065
-0.515331597416
-0.503871473865
-0.492741060211
-0.481921783069
-0.471396715868
-0.461150563551
-0.451169568980
-0.441441380442
-0.431954904434
-0.422700158253
-0.413668130325
-0.404850652559
-0.396240286238
-0.387830221702
-0.379614191168
-0.371586393602
-0.363741430382
-0.356074250462
-0.348580103802
-0.341254501939
-0.334093184627
-0.327092091681
-0.320247339229
-0.313555199671
-0.305905972685
-0.299782873342
-0.293645527578
-0.287620212340
-0.281712810403
-0.275925043223
-0.270257404470
-0.264709427006
-0.259279962723
-0.253967415309
-0.248769907370
-0.243685392366
-0.238711727401
-0.233846720144
-0.229088159059
-0.224433832939
-0.219881543723
-0.215429114874
-0.211074396948
-0.206815271243
-0.202649652290
-0.198575489384
-0.194590767630
-0.190693508575
-0.186881770504
-0.183153648569
-0.179507274794
-0.175940817905
-0.172452483140
-0.169040511933
-0.165703181615
-0.162438805014
-0.159245730045
-0.156122339300
-0.153067049573
-0.150078311402
-0.147154608560
-0.144294457591
-0.141496407269
-0.138759038111
-0.136080961847
-0.133460820875
-0.130897287784
-0.128389064765
-0.125934883121
-0.123533502727
-0.121183711488
-0.118884324833
-0.116634185152
-0.114432161325
-0.112277148156
-0.110168065883
-0.108103859647
-0.106083498997
-0.104105977400
-0.102170311709
-0.100275541694
-0.098420729573
-0.096604959496
-0.094827337097
-0.093086989020
-0.091383062459
-0.089714724711
-0.088081162721
-0.086481582660
-0.084915209463
-0.083381286443
-0.081879074845
-0.080407853454
-0.078966918177
-0.077555581668
-0.076173172924
-0.074819036914
-0.073492534203
-0.072193040584
-0.070919946729
-0.069672657829
-0.068450593258
-0.067253186229
-0.066079883472
-0.064930144901
-0.063803443321
-0.062699264085
-0.061617104822
-0.060556475126
-0.059516896272
-0.058497900936
-0.057499032911
-0.056519846849
-0.055559907990
-0.054618791891
