-0.051737303113
-0.125686406802
-0.204812160562
-0.281216135757
-0.350270482292
-0.408357358663
-0.454737226275
-0.489067565877
-0.512676289425
-0.527373521194
-0.535050958022
-0.537400039992
-0.535801518922
-0.531324911564
-0.524776712168
-0.516757305657
-0.507785120852
-0.498297981159
-0.488708012723
-0.479227866652
-0.469944135877
-0.460868906148
-0.451983021763
-0.443260359651
-0.434678357048
-0.426221086138
-0.417879023515
-0.409647693441
-0.401526162959
-0.393515753925
-0.385619059971
-0.377839247011
-0.370179582307
-0.362643135004
-0.355232599333
-0.347950202751
-0.340797670760
-0.333776228366
-0.326886624007
-0.320129166229
-0.313503766619
-0.307009984743
-0.300647072361
-0.294414015357
-0.288309572450
-0.282332310283
-0.276480634845
-0.270752819266
-0.265147028246
-0.259661339354
-0.254293761546
-0.249042251133
-0.243345082937
-0.238371594895
-0.233488161937
-0.228710063174
-0.224036873348
-0.219466545800
-0.214996681244
-0.210624842549
-0.206348690066
-0.202166011296
-0.198074708335
-0.194072775129
-0.190158276595
-0.186329332817
-0.182584108126
-0.178920804025
-0.175337654851
-0.171832925246
-0.168404908829
-0.165051927588
-0.161772331710
-0.158564499627
-0.155426838197
-0.152357782881
-0.149355797937
-0.146419376546
-0.143547040898
-0.140737342204
-0.137988860658
-0.135300205335
-0.132670014038
-0.130096953086
-0.127579717077
-0.125117028589
-0.122707637876
-0.120350322510
-0.118043887016
-0.115787162478
-0.113579006125
-0.111418300924
-0.109303955130
-0.107234901859
-0.105210098631
-0.103228526921
-0.101289191702
-0.099391120995
-0.097533365400
-0.095714997659
-0.093935112176
-0.092192824594
-0.090487271323
-0.088817609111
-0.087183014602
-0.085582683896
-0.084015832129
-0.082481693042
-0.080979518570
-0.079508578423
-0.078068159694
-0.076657566455
-0.075276119365
-0.073923155288
-0.072598026910
-0.071300102393
-0.070028764973
-0.068783412638
-0.067563457771
-0.066368326791
-0.065197459841
-0.064050310454
-0.062926345223
-0.061825043496
-0.060745897069
-0.059688409880
-0.058652097723
-0.057636487950
-0.056641119199
-0.055665541119
-0.054709314101
-0.053772009010
-0.052853206940
-0.051952498946
-0.051069485830
-0.050203777869
-0.049354994607
-0.048522764608
-0.047706725256
-0.046906522519
-0.046121810750
-0.045352252476
-0.044597518193
