2.6999e+02
5.0031e+01
4.0423e+01
3.7389e+01
3.5219e+01
3.3735e+01
3.2690e+01
3.1771e+01
3.1011e+01
3.0340e+01
2.9879e+01
2.9429e+01
2.9043e+01
2.8430e+01
2.7972e+01
2.7552e+01
2.7359e+01
2.7023e+01
2.6607e+01
2.6431e+01
2.6063e+01
2.6074e+01
2.5701e+01
2.5576e+01
2.5453e+01
2.5166e+01
2.5053e+01
2.4947e+01
2.4854e+01
2.4689e+01
2.4578e+01
2.4491e+01
2.4350e+01
2.4161e+01
2.4270e+01
2.4105e+01
2.4063e+01
2.6993e+02
1.5005e+02
1.4999e+02
1.5006e+02
1.4161e+02
1.3497e+02
1.2895e+02
1.2367e+02
1.1914e+02
1.1508e+02
1.1164e+02
1.0851e+02
1.0581e+02
1.0342e+02
1.0108e+02
9.9124e+01
9.7450e+01
9.5834e+01
9.4277e+01
9.2874e+01
9.1757e+01
9.0639e+01
8.9658e+01
8.8696e+01
8.7897e+01
8.7099e+01
8.6422e+01
8.5798e+01
8.5150e+01
8.4547e+01
8.4103e+01
8.3551e+01
8.3223e+01
8.2812e+01
8.2368e+01
8.2057e+01
8.1724e+01
2.6988e+02
2.5003e+02
2.4572e+02
2.4123e+02
2.3662e+02
2.3133e+02
2.2580e+02
2.2059e+02
2.1543e+02
2.1060e+02
2.0626e+02
2.0221e+02
1.9859e+02
1.9522e+02
1.9215e+02
1.8940e+02
1.8684e+02
1.8445e+02
1.8241e+02
1.8049e+02
1.7862e+02
1.7703e+02
1.7549e+02
1.7422e+02
1.7292e+02
1.7183e+02
1.7067e+02
1.6974e+02
1.6882e+02
1.6794e+02
1.6718e+02
1.6647e+02
1.6583e+02
1.6523e+02
1.6457e+02
1.6403e+02
1.6347e+02
2.6892e+02
2.6912e+02
2.6905e+02
2.6858e+02
2.6786e+02
2.6682e+02
2.6541e+02
2.6380e+02
2.6217e+02
2.6035e+02
2.5849e+02
2.5679e+02
2.5504e+02
2.5341e+02
2.5176e+02
2.5024e+02
2.4889e+02
2.4751e+02
2.4634e+02
2.4519e+02
2.4414e+02
2.4301e+02
2.4207e+02
2.4120e+02
2.4037e+02
2.3969e+02
2.3891e+02
2.3826e+02
2.3761e+02
2.3701e+02
2.3649e+02
2.3600e+02
2.3542e+02
2.3500e+02
2.3460e+02
2.3425e+02
2.3400e+02
2.6787e+02
2.6791e+02
2.6786e+02
2.6777e+02
2.6772e+02
2.6763e+02
2.6739e+02
2.6715e+02
2.6698e+02
2.6654e+02
2.6634e+02
2.6593e+02
2.6570e+02
2.6538e+02
2.6513e+02
2.6488e+02
2.6470e+02
2.6439e+02
2.6419e+02
2.6394e+02
2.6383e+02
2.6363e+02
2.6344e+02
2.6329e+02
2.6314e+02
2.6295e+02
2.6293e+02
2.6281e+02
2.6267e+02
2.6254e+02
2.6245e+02
2.6237e+02
2.6220e+02
2.6217e+02
2.6217e+02
2.6199e+02
2.6204e+02
2.7309e+02
2.7226e+02
2.6884e+02
2.6406e+02
2.5863e+02
2.5328e+02
2.4809e+02
2.4306e+02
2.3838e+02
2.3406e+02
2.3007e+02
2.2638e+02
2.2300e+02
2.1977e+02
2.1696e+02
2.1434e+02
2.1176e+02
2.0954e+02
2.0742e+02
2.0533e+02
2.0353e+02
2.0173e+02
2.0017e+02
1.9858e+02
1.9717e+02
1.9580e+02
1.9457e+02
1.9338e+02
1.9232e+02
1.9128e+02
1.9024e+02
1.8927e+02
1.8838e+02
1.8764e+02
1.8676e+02
1.8606e+02
1.8538e+02
2.7274e+02
2.7159e+02
2.6789e+02
2.6292e+02
2.5786e+02
2.5298e+02
2.4843e+02
2.4410e+02
2.4016e+02
2.3653e+02
2.3309e+02
2.2995e+02
2.2690e+02
2.2423e+02
2.2165e+02
2.1928e+02
2.1712e+02
2.1509e+02
2.1309e+02
2.1128e+02
2.0961e+02
2.0801e+02
2.0654e+02
2.0513e+02
2.0388e+02
2.0263e+02
2.0146e+02
2.0039e+02
1.9935e+02
1.9832e+02
1.9747e+02
1.9656e+02
1.9581e+02
1.9503e+02
1.9430e+02
1.9368e+02
1.9294e+02
2.7131e+02
2.7139e+02
2.7138e+02
2.7094e+02
2.7010e+02
2.6890e+02
2.6756e+02
2.6578e+02
2.6413e+02
2.6240e+02
2.6068e+02
2.5891e+02
2.5709e+02
2.5538e+02
2.5374e+02
2.5218e+02
2.5069e+02
2.4924e+02
2.4788e+02
2.4650e+02
2.4522e+02
2.4411e+02
2.4298e+02
2.4181e+02
2.4090e+02
2.3999e+02
2.3902e+02
2.3814e+02
2.3734e+02
2.3670e+02
2.3599e+02
2.3524e+02
2.3470e+02
2.3408e+02
2.3347e+02
2.3299e+02
2.3239e+02
2.7079e+02
2.7105e+02
2.7116e+02
2.7121e+02
2.7086e+02
2.7055e+02
2.6998e+02
2.6906e+02
2.6807e+02
2.6691e+02
2.6584e+02
2.6470e+02
2.6360e+02
2.6228e+02
2.6112e+02
2.6001e+02
2.5887e+02
2.5777e+02
2.5680e+02
2.5574e+02
2.5489e+02
2.5396e+02
2.5297e+02
2.5225e+02
2.5141e+02
2.5073e+02
2.5013e+02
2.4940e+02
2.4879e+02
2.4815e+02
2.4761e+02
2.4712e+02
2.4659e+02
2.4614e+02
2.4569e+02
2.4532e+02
2.4495e+02
2.7063e+02
2.7090e+02
2.7111e+02
2.7113e+02
2.7103e+02
2.7078e+02
2.7047e+02
2.7005e+02
2.6947e+02
2.6881e+02
2.6808e+02
2.6726e+02
2.6665e+02
2.6590e+02
2.6499e+02
2.6431e+02
2.6375e+02
2.6300e+02
2.6228e+02
2.6171e+02
2.6107e+02
2.6046e+02
2.5992e+02
2.5941e+02
2.5882e+02
2.5843e+02
2.5798e+02
2.5755e+02
2.5722e+02
2.5693e+02
2.5645e+02
2.5619e+02
2.5582e+02
2.5554e+02
2.5533e+02
2.5513e+02
2.5477e+02
