0.000000000000
-5.638430376844
-1.605990199560
-1.881561782660
-1.094209912116
-1.193682820686
-1.008967800144
-0.844057315723
-0.716458987889
-0.616101301928
-0.535481666054
-0.469607240356
-0.415034120126
-0.369304371580
-0.331449197363
-0.299187984667
-0.274287323955
-0.257103366304
-0.241165362104
-0.226243097818
-0.212519603893
-0.199973481719
-0.188511433339
-0.178027664297
-0.168420419355
-0.159596525155
-0.151472441981
-0.143974073901
-0.137036081575
-0.130601011962
-0.124618395860
-0.119043886988
-0.113838475856
-0.108967789911
-0.104401480013
-0.100112687627
-0.096077584710
-0.092274977641
-0.088685966740
-0.085293653702
-0.082082890066
-0.079040060745
-0.076152897459
-0.073410317693
-0.070802285393
-0.068319690267
-0.065954242957
-0.063698383821
-0.061545203374
-0.059488372766
-0.057522082869
-0.055640990824
-0.054141210576
-0.052362209583
-0.050639050428
-0.049004763994
-0.047450121385
-0.045965544783
-0.044544282871
-0.043181426674
-0.041873115756
-0.040616112366
-0.039407582466
-0.038244979162
-0.037125976572
-0.036048429286
-0.035010345461
-0.034009867551
-0.033045257610
-0.032114885530
-0.031217219243
-0.030350816378
-0.029514316995
-0.028706437182
-0.027925963365
-0.027171747202
-0.026442700978
-0.025737793441
-0.025056046015
-0.024396529341
-0.023758360124
-0.023140698235
-0.022542744049
-0.021963735999
-0.021402948309
-0.020859688912
-0.020333297505
-0.019823143765
-0.019328625673
-0.018849167967
-0.018384220694
-0.017933257866
-0.017495776194
-0.017071293912
-0.016659349679
-0.016259501537
-0.015871325947
-0.015494416873
-0.015128384926
-0.014772856562
-0.014427473314
-0.014091891084
-0.013765779461
-0.013448821090
-0.013140711061
-0.012841156346
-0.012549875257
-0.012266596935
-0.011991060870
-0.011723016437
-0.011462222466
-0.011208446828
-0.010961466044
-0.010721064911
-0.010487036152
-0.010259180077
-0.010037304264
-0.009821223255
-0.009610758270
-0.009405736923
-0.009205992968
-0.009011366041
-0.008821701430
-0.008636849838
-0.008456667172
-0.008281014332
-0.008109757017
-0.007942765534
-0.007779914614
-0.007621083245
-0.007466154504
-0.007315015399
-0.007167556721
-0.007023672896
-0.006883261850
-0.006746224873
-0.006612466500
-0.006481894379
-0.006354419165
-0.006229954403
-0.006108416423
-0.005989724239
-0.005873799450
