2.7000e+02 2.7000e+02 2.7000e+02 2.6913e+02 2.6878e+02 2.6943e+02 2.6943e+02 2.6983e+02 2.7026e+02 2.7071e+02
5.0000e+01 1.4276e+02 2.3486e+02 2.6418e+02 2.6853e+02 2.6925e+02 2.6861e+02 2.6945e+02 2.7019e+02 2.7070e+02
5.0000e+01 1.3758e+02 2.1903e+02 2.5811e+02 2.6759e+02 2.6820e+02 2.6608e+02 2.6795e+02 2.6964e+02 2.7052e+02
5.0000e+01 1.3487e+02 2.1504e+02 2.5414e+02 2.6631e+02 2.6635e+02 2.6309e+02 2.6589e+02 2.6861e+02 2.7008e+02
5.0000e+01 1.3328e+02 2.1311e+02 2.5177e+02 2.6496e+02 2.6407e+02 2.6017e+02 2.6376e+02 2.6734e+02 2.6946e+02
5.0000e+01 1.3221e+02 2.1134e+02 2.5007e+02 2.6368e+02 2.6163e+02 2.5747e+02 2.6175e+02 2.6602e+02 2.6877e+02
5.0000e+01 1.3138e+02 2.0903e+02 2.4854e+02 2.6252e+02 2.5918e+02 2.5502e+02 2.5989e+02 2.6473e+02 2.6809e+02
5.0000e+01 1.3072e+02 2.0682e+02 2.4708e+02 2.6147e+02 2.5682e+02 2.5278e+02 2.5816e+02 2.6351e+02 2.6744e+02
5.0000e+01 1.3019e+02 2.0485e+02 2.4573e+02 2.6052e+02 2.5459e+02 2.5074e+02 2.5657e+02 2.6238e+02 2.6684e+02
5.0000e+01 1.2974e+02 2.0311e+02 2.4452e+02 2.5967e+02 2.5249e+02 2.4888e+02 2.5511e+02 2.6133e+02 2.6629e+02
5.0000e+01 1.2936e+02 2.0159e+02 2.4344e+02 2.5891e+02 2.5055e+02 2.4717e+02 2.5376e+02 2.6036e+02 2.6578e+02
5.0000e+01 1.2904e+02 2.0025e+02 2.4249e+02 2.5823e+02 2.4874e+02 2.4560e+02 2.5252e+02 2.5946e+02 2.6532e+02
5.0000e+01 1.2876e+02 1.9908e+02 2.4164e+02 2.5762e+02 2.4708e+02 2.4416e+02 2.5137e+02 2.5863e+02 2.6490e+02
5.0000e+01 1.2852e+02 1.9804e+02 2.4088e+02 2.5708e+02 2.4554e+02 2.4284e+02 2.5033e+02 2.5788e+02 2.6451e+02
5.0000e+01 1.2831e+02 1.9711e+02 2.4021e+02 2.5659e+02 2.4413e+02 2.4162e+02 2.4936e+02 2.5718e+02 2.6416e+02
5.0000e+01 1.2812e+02 1.9629e+02 2.3961e+02 2.5615e+02 2.4282e+02 2.4051e+02 2.4847e+02 2.5654e+02 2.6384e+02
5.0000e+01 1.2796e+02 1.9556e+02 2.3908e+02 2.5576e+02 2.4162e+02 2.3948e+02 2.4766e+02 2.5595e+02 2.6355e+02
5.0000e+01 1.2781e+02 1.9490e+02 2.3860e+02 2.5540e+02 2.4052e+02 2.3854e+02 2.4690e+02 2.5540e+02 2.6328e+02
5.0000e+01 1.2768e+02 1.9431e+02 2.3816e+02 2.5508e+02 2.3950e+02 2.3767e+02 2.4621e+02 2.5490e+02 2.6304e+02
5.0000e+01 1.2756e+02 1.9378e+02 2.3777e+02 2.5480e+02 2.3856e+02 2.3686e+02 2.4557e+02 2.5444e+02 2.6281e+02
5.0000e+01 1.2746e+02 1.9330e+02 2.3742e+02 2.5453e+02 2.3770e+02 2.3612e+02 2.4498e+02 2.5401e+02 2.6261e+02
5.0000e+01 1.2736e+02 1.9287e+02 2.3711e+02 2.5430e+02 2.3690e+02 2.3544e+02 2.4443e+02 2.5362e+02 2.6242e+02
5.0000e+01 1.2728e+02 1.9247e+02 2.3682e+02 2.5408e+02 2.3617e+02 2.3481e+02 2.4392e+02 2.5326e+02 2.6224e+02
5.0000e+01 1.2720e+02 1.9212e+02 2.3656e+02 2.5389e+02 2.3549e+02 2.3423e+02 2.4346e+02 2.5292e+02 2.6208e+02
5.0000e+01 1.2713e+02 1.9179e+02 2.3632e+02 2.5371e+02 2.3486e+02 2.3369e+02 2.4302e+02 2.5261e+02 2.6193e+02
5.0000e+01 1.2707e+02 1.9149e+02 2.3610e+02 2.5354e+02 2.3428e+02 2.3319e+02 2.4262e+02 2.5232e+02 2.6180e+02
5.0000e+01 1.2701e+02 1.9122e+02 2.3590e+02 2.5339e+02 2.3375e+02 2.3273e+02 2.4225e+02 2.5205e+02 2.6167e+02
5.0000e+01 1.2696e+02 1.9097e+02 2.3572e+02 2.5326e+02 2.3325e+02 2.3230e+02 2.4190e+02 2.5180e+02 2.6156e+02
5.0000e+01 1.2691e+02 1.9075e+02 2.3556e+02 2.5313e+02 2.3279e+02 2.3190e+02 2.4158e+02 2.5157e+02 2.6145e+02
5.0000e+01 1.2687e+02 1.9054e+02 2.3540e+02 2.5302e+02 2.3236e+02 2.3153e+02 2.4128e+02 2.5136e+02 2.6135e+02
5.0000e+01 1.2683e+02 1.9034e+02 2.3526e+02 2.5291e+02 2.3197e+02 2.3119e+02 2.4101e+02 2.5116e+02 2.6126e+02
5.0000e+01 1.2679e+02 1.9017e+02 2.3514e+02 2.5281e+02 2.3160e+02 2.3087e+02 2.4075e+02 2.5097e+02 2.6117e+02
5.0000e+01 1.2676e+02 1.9000e+02 2.3502e+02 2.5272e+02 2.3126e+02 2.3057e+02 2.4051e+02 2.5080e+02 2.6109e+02
5.0000e+01 1.2673e+02 1.8985e+02 2.3491e+02 2.5264e+02 2.3094e+02 2.3030e+02 2.4028e+02 2.5064e+02 2.6102e+02
5.0000e+01 1.2670e+02 1.8971e+02 2.3481e+02 2.5256e+02 2.3064e+02 2.3004e+02 2.4007e+02 2.5049e+02 2.6095e+02
5.0000e+01 1.2668e+02 1.8959e+02 2.3471e+02 2.5249e+02 2.3037e+02 2.2980e+02 2.3988e+02 2.5035e+02 2.6089e+02
5.0000e+01 1.2665e+02 1.8947e+02 2.3463e+02 2.5242e+02 2.3011e+02 2.2957e+02 2.3969e+02 2.5022e+02 2.6083e+02
