5.0000e+01 1.5000e+02 2.5000e+02 2.6853e+02 2.6878e+02 2.6943e+02 2.6943e+02 2.6983e+02 2.7026e+02 2.7071e+02
5.0000e+01 1.5000e+02 2.5000e+02 2.6735e+02 2.6875e+02 2.6941e+02 2.6930e+02 2.6978e+02 2.7026e+02 2.7072e+02
5.0000e+01 1.4436e+02 2.3677e+02 2.6581e+02 2.6866e+02 2.6936e+02 2.6903e+02 2.6965e+02 2.7024e+02 2.7071e+02
5.0000e+01 1.4276e+02 2.3486e+02 2.6418e+02 2.6853e+02 2.6925e+02 2.6861e+02 2.6945e+02 2.7019e+02 2.7070e+02
5.0000e+01 1.4087e+02 2.2714e+02 2.6255e+02 2.6835e+02 2.6908e+02 2.6808e+02 2.6917e+02 2.7010e+02 2.7068e+02
5.0000e+01 1.3978e+02 2.2437e+02 2.6096e+02 2.6813e+02 2.6885e+02 2.6747e+02 2.6882e+02 2.6998e+02 2.7064e+02
5.0000e+01 1.3859e+02 2.2100e+02 2.5947e+02 2.6787e+02 2.6855e+02 2.6679e+02 2.6841e+02 2.6983e+02 2.7059e+02
5.0000e+01 1.3758e+02 2.1903e+02 2.5811e+02 2.6759e+02 2.6820e+02 2.6608e+02 2.6795e+02 2.6964e+02 2.7052e+02
5.0000e+01 1.3673e+02 2.1764e+02 2.5690e+02 2.6729e+02 2.6780e+02 2.6535e+02 2.6746e+02 2.6942e+02 2.7043e+02
5.0000e+01 1.3602e+02 2.1658e+02 2.5585e+02 2.6697e+02 2.6735e+02 2.6460e+02 2.6695e+02 2.6917e+02 2.7033e+02
5.0000e+01 1.3540e+02 2.1574e+02 2.5493e+02 2.6664e+02 2.6687e+02 2.6384e+02 2.6642e+02 2.6890e+02 2.7021e+02
5.0000e+01 1.3487e+02 2.1504e+02 2.5414e+02 2.6631e+02 2.6635e+02 2.6309e+02 2.6589e+02 2.6861e+02 2.7008e+02
5.0000e+01 1.3440e+02 2.1445e+02 2.5344e+02 2.6597e+02 2.6581e+02 2.6235e+02 2.6535e+02 2.6830e+02 2.6994e+02
5.0000e+01 1.3398e+02 2.1395e+02 2.5283e+02 2.6563e+02 2.6524e+02 2.6161e+02 2.6482e+02 2.6799e+02 2.6978e+02
5.0000e+01 1.3361e+02 2.1350e+02 2.5227e+02 2.6529e+02 2.6466e+02 2.6088e+02 2.6428e+02 2.6767e+02 2.6963e+02
5.0000e+01 1.3328e+02 2.1311e+02 2.5177e+02 2.6496e+02 2.6407e+02 2.6017e+02 2.6376e+02 2.6734e+02 2.6946e+02
5.0000e+01 1.3298e+02 2.1276e+02 2.5131e+02 2.6463e+02 2.6347e+02 2.5947e+02 2.6324e+02 2.6701e+02 2.6929e+02
5.0000e+01 1.3271e+02 2.1237e+02 2.5088e+02 2.6431e+02 2.6286e+02 2.5879e+02 2.6273e+02 2.6668e+02 2.6912e+02
5.0000e+01 1.3245e+02 2.1188e+02 2.5047e+02 2.6399e+02 2.6224e+02 2.5812e+02 2.6224e+02 2.6634e+02 2.6895e+02
5.0000e+01 1.3221e+02 2.1134e+02 2.5007e+02 2.6368e+02 2.6163e+02 2.5747e+02 2.6175e+02 2.6602e+02 2.6877e+02
5.0000e+01 1.3198e+02 2.1077e+02 2.4969e+02 2.6338e+02 2.6101e+02 2.5684e+02 2.6127e+02 2.6569e+02 2.6860e+02
5.0000e+01 1.3177e+02 2.1019e+02 2.4930e+02 2.6309e+02 2.6040e+02 2.5622e+02 2.6080e+02 2.6536e+02 2.6843e+02
5.0000e+01 1.3157e+02 2.0960e+02 2.4892e+02 2.6280e+02 2.5979e+02 2.5561e+02 2.6034e+02 2.6504e+02 2.6826e+02
5.0000e+01 1.3138e+02 2.0903e+02 2.4854e+02 2.6252e+02 2.5918e+02 2.5502e+02 2.5989e+02 2.6473e+02 2.6809e+02
5.0000e+01 1.3120e+02 2.0846e+02 2.4816e+02 2.6225e+02 2.5858e+02 2.5444e+02 2.5944e+02 2.6442e+02 2.6792e+02
5.0000e+01 1.3103e+02 2.0790e+02 2.4780e+02 2.6198e+02 2.5799e+02 2.5387e+02 2.5901e+02 2.6411e+02 2.6776e+02
5.0000e+01 1.3087e+02 2.0735e+02 2.4743e+02 2.6172e+02 2.5740e+02 2.5332e+02 2.5858e+02 2.6381e+02 2.6760e+02
5.0000e+01 1.3072e+02 2.0682e+02 2.4708e+02 2.6147e+02 2.5682e+02 2.5278e+02 2.5816e+02 2.6351e+02 2.6744e+02
5.0000e+01 1.3058e+02 2.0631e+02 2.4673e+02 2.6122e+02 2.5625e+02 2.5226e+02 2.5775e+02 2.6322e+02 2.6729e+02
5.0000e+01 1.3044e+02 2.0580e+02 2.4639e+02 2.6098e+02 2.5569e+02 2.5174e+02 2.5735e+02 2.6294e+02 2.6713e+02
5.0000e+01 1.3031e+02 2.0532e+02 2.4605e+02 2.6075e+02 2.5513e+02 2.5124e+02 2.5696e+02 2.6265e+02 2.6698e+02
5.0000e+01 1.3019e+02 2.0485e+02 2.4573e+02 2.6052e+02 2.5459e+02 2.5074e+02 2.5657e+02 2.6238e+02 2.6684e+02
5.0000e+01 1.3007e+02 2.0439e+02 2.4541e+02 2.6030e+02 2.5405e+02 2.5026e+02 2.5620e+02 2.6211e+02 2.6670e+02
5.0000e+01 1.2995e+02 2.0395e+02 2.4511e+02 2.6009e+02 2.5352e+02 2.4979e+02 2.5583e+02 2.6184e+02 2.6656e+02
5.0000e+01 1.2985e+02 2.0352e+02 2.4481e+02 2.5988e+02 2.5300e+02 2.4933e+02 2.5546e+02 2.6158e+02 2.6642e+02
5.0000e+01 1.2974e+02 2.0311e+02 2.4452e+02 2.5967e+02 2.5249e+02 2.4888e+02 2.5511e+02 2.6133e+02 2.6629e+02
5.0000e+01 1.2964e+02 2.0271e+02 2.4424e+02 2.5948e+02 2.5199e+02 2.4844e+02 2.5476e+02 2.6108e+02 2.6616e+02
5.0000e+01 1.2954e+02 2.0232e+02 2.4397e+02 2.5928e+02 2.5150e+02 2.4800e+02 2.5442e+02 2.6083e+02 2.6603e+02
5.0000e+01 1.2945e+02 2.0195e+02 2.4370e+02 2.5910e+02 2.5102e+02 2.4758e+02 2.5408e+02 2.6059e+02 2.6590e+02
5.0000e+01 1.2936e+02 2.0159e+02 2.4344e+02 2.5891e+02 2.5055e+02 2.4717e+02 2.5376e+02 2.6036e+02 2.6578e+02
5.0000e+01 1.2928e+02 2.0124e+02 2.4319e+02 2.5874e+02 2.5008e+02 2.4676e+02 2.5344e+02 2.6012e+02 2.6566e+02
5.0000e+01 1.2920e+02 2.0090e+02 2.4295e+02 2.5856e+02 2.4963e+02 2.4637e+02 2.5312e+02 2.5990e+02 2.6554e+02
5.0000e+01 1.2912e+02 2.0057e+02 2.4272e+02 2.5840e+02 2.4918e+02 2.4598e+02 2.5282e+02 2.5968e+02 2.6543e+02
5.0000e+01 1.2904e+02 2.0025e+02 2.4249e+02 2.5823e+02 2.4874e+02 2.4560e+02 2.5252e+02 2.5946e+02 2.6532e+02
5.0000e+01 1.2897e+02 1.9994e+02 2.4227e+02 2.5807e+02 2.4832e+02 2.4523e+02 2.5222e+02 2.5925e+02 2.6521e+02
5.0000e+01 1.2890e+02 1.9965e+02 2.4205e+02 2.5792e+02 2.4789e+02 2.4486e+02 2.5193e+02 2.5904e+02 2.6510e+02
5.0000e+01 1.2883e+02 1.9936e+02 2.4184e+02 2.5777e+02 2.4748e+02 2.4451e+02 2.5165e+02 2.5883e+02 2.6500e+02
5.0000e+01 1.2876e+02 1.9908e+02 2.4164e+02 2.5762e+02 2.4708e+02 2.4416e+02 2.5137e+02 2.5863e+02 2.6490e+02
5.0000e+01 1.2870e+02 1.9880e+02 2.4144e+02 2.5748e+02 2.4668e+02 2.4382e+02 2.5110e+02 2.5844e+02 2.6480e+02
5.0000e+01 1.2864e+02 1.9854e+02 2.4125e+02 2.5734e+02 2.4629e+02 2.4348e+02 2.5084e+02 2.5825e+02 2.6470e+02
5.0000e+01 1.2858e+02 1.9828e+02 2.4106e+02 2.5721e+02 2.4591e+02 2.4316e+02 2.5058e+02 2.5806e+02 2.6460e+02
5.0000e+01 1.2852e+02 1.9804e+02 2.4088e+02 2.5708e+02 2.4554e+02 2.4284e+02 2.5033e+02 2.5788e+02 2.6451e+02
5.0000e+01 1.2846e+02 1.9780e+02 2.4071e+02 2.5695e+02 2.4518e+02 2.4252e+02 2.5008e+02 2.5770e+02 2.6442e+02
5.0000e+01 1.2841e+02 1.9756e+02 2.4054e+02 2.5683e+02 2.4482e+02 2.4222e+02 2.4983e+02 2.5752e+02 2.6433e+02
5.0000e+01 1.2836e+02 1.9733e+02 2.4037e+02 2.5671e+02 2.4447e+02 2.4192e+02 2.4959e+02 2.5735e+02 2.6425e+02
5.0000e+01 1.2831e+02 1.9711e+02 2.4021e+02 2.5659e+02 2.4413e+02 2.4162e+02 2.4936e+02 2.5718e+02 2.6416e+02
5.0000e+01 1.2826e+02 1.9690e+02 2.4006e+02 2.5648e+02 2.4379e+02 2.4134e+02 2.4913e+02 2.5701e+02 2.6408e+02
5.0000e+01 1.2821e+02 1.9669e+02 2.3990e+02 2.5637e+02 2.4346e+02 2.4105e+02 2.4891e+02 2.5685e+02 2.6400e+02
5.0000e+01 1.2817e+02 1.9649e+02 2.3976e+02 2.5626e+02 2.4314e+02 2.4078e+02 2.4869e+02 2.5669e+02 2.6392e+02
5.0000e+01 1.2812e+02 1.9629e+02 2.3961e+02 2.5615e+02 2.4282e+02 2.4051e+02 2.4847e+02 2.5654e+02 2.6384e+02
5.0000e+01 1.2808e+02 1.9610e+02 2.3947e+02 2.5605e+02 2.4251e+02 2.4024e+02 2.4826e+02 2.5639e+02 2.6377e+02
5.0000e+01 1.2804e+02 1.9592e+02 2.3934e+02 2.5595e+02 2.4221e+02 2.3998e+02 2.4806e+02 2.5624e+02 2.6369e+02
5.0000e+01 1.2799e+02 1.9573e+02 2.3921e+02 2.5585e+02 2.4191e+02 2.3973e+02 2.4785e+02 2.5609e+02 2.6362e+02
5.0000e+01 1.2796e+02 1.9556e+02 2.3908e+02 2.5576e+02 2.4162e+02 2.3948e+02 2.4766e+02 2.5595e+02 2.6355e+02
5.0000e+01 1.2792e+02 1.9539e+02 2.3895e+02 2.5567e+02 2.4134e+02 2.3924e+02 2.4746e+02 2.5581e+02 2.6348e+02
5.0000e+01 1.2788e+02 1.9522e+02 2.3883e+02 2.5558e+02 2.4106e+02 2.3900e+02 2.4727e+02 2.5567e+02 2.6341e+02
5.0000e+01 1.2784e+02 1.9506e+02 2.3871e+02 2.5549e+02 2.4079e+02 2.3877e+02 2.4709e+02 2.5554e+02 2.6335e+02
5.0000e+01 1.2781e+02 1.9490e+02 2.3860e+02 2.5540e+02 2.4052e+02 2.3854e+02 2.4690e+02 2.5540e+02 2.6328e+02
5.0000e+01 1.2777e+02 1.9475e+02 2.3848e+02 2.5532e+02 2.4026e+02 2.3831e+02 2.4672e+02 2.5528e+02 2.6322e+02
5.0000e+01 1.2774e+02 1.9460e+02 2.3837e+02 2.5524e+02 2.4000e+02 2.3809e+02 2.4655e+02 2.5515e+02 2.6316e+02
5.0000e+01 1.2771e+02 1.9445e+02 2.3827e+02 2.5516e+02 2.3975e+02 2.3788e+02 2.4638e+02 2.5502e+02 2.6310e+02
5.0000e+01 1.2768e+02 1.9431e+02 2.3816e+02 2.5508e+02 2.3950e+02 2.3767e+02 2.4621e+02 2.5490e+02 2.6304e+02
5.0000e+01 1.2765e+02 1.9417e+02 2.3806e+02 2.5501e+02 2.3926e+02 2.3746e+02 2.4604e+02 2.5478e+02 2.6298e+02
5.0000e+01 1.2762e+02 1.9404e+02 2.3796e+02 2.5494e+02 2.3902e+02 2.3726e+02 2.4588e+02 2.5467e+02 2.6292e+02
5.0000e+01 1.2759e+02 1.9391e+02 2.3787e+02 2.5486e+02 2.3879e+02 2.3706e+02 2.4572e+02 2.5455e+02 2.6287e+02
5.0000e+01 1.2756e+02 1.9378e+02 2.3777e+02 2.5480e+02 2.3856e+02 2.3686e+02 2.4557e+02 2.5444e+02 2.6281e+02
5.0000e+01 1.2753e+02 1.9366e+02 2.3768e+02 2.5473e+02 2.3834e+02 2.3667e+02 2.4542e+02 2.5433e+02 2.6276e+02
5.0000e+01 1.2751e+02 1.9353e+02 2.3759e+02 2.5466e+02 2.3812e+02 2.3649e+02 2.4527e+02 2.5422e+02 2.6271e+02
5.0000e+01 1.2748e+02 1.9342e+02 2.3751e+02 2.5460e+02 2.3791e+02 2.3630e+02 2.4512e+02 2.5412e+02 2.6266e+02
5.0000e+01 1.2746e+02 1.9330e+02 2.3742e+02 2.5453e+02 2.3770e+02 2.3612e+02 2.4498e+02 2.5401e+02 2.6261e+02
5.0000e+01 1.2743e+02 1.9319e+02 2.3734e+02 2.5447e+02 2.3749e+02 2.3595e+02 2.4484e+02 2.5391e+02 2.6256e+02
5.0000e+01 1.2741e+02 1.9308e+02 2.3726e+02 2.5441e+02 2.3729e+02 2.3577e+02 2.4470e+02 2.5381e+02 2.6251e+02
5.0000e+01 1.2739e+02 1.9297e+02 2.3718e+02 2.5435e+02 2.3710e+02 2.3561e+02 2.4456e+02 2.5372e+02 2.6246e+02
5.0000e+01 1.2736e+02 1.9287e+02 2.3711e+02 2.5430e+02 2.3690e+02 2.3544e+02 2.4443e+02 2.5362e+02 2.6242e+02
5.0000e+01 1.2734e+02 1.9277e+02 2.3703e+02 2.5424e+02 2.3671e+02 2.3528e+02 2.4430e+02 2.5353e+02 2.6237e+02
5.0000e+01 1.2732e+02 1.9267e+02 2.3696e+02 2.5419e+02 2.3653e+02 2.3512e+02 2.4417e+02 2.5343e+02 2.6233e+02
5.0000e+01 1.2730e+02 1.9257e+02 2.3689e+02 2.5413e+02 2.3635e+02 2.3496e+02 2.4405e+02 2.5334e+02 2.6228e+02
5.0000e+01 1.2728e+02 1.9247e+02 2.3682e+02 2.5408e+02 2.3617e+02 2.3481e+02 2.4392e+02 2.5326e+02 2.6224e+02
5.0000e+01 1.2726e+02 1.9238e+02 2.3675e+02 2.5403e+02 2.3599e+02 2.3466e+02 2.4380e+02 2.5317e+02 2.6220e+02
5.0000e+01 1.2724e+02 1.9229e+02 2.3668e+02 2.5398e+02 2.3582e+02 2.3451e+02 2.4369e+02 2.5308e+02 2.6216e+02
5.0000e+01 1.2722e+02 1.9220e+02 2.3662e+02 2.5393e+02 2.3565e+02 2.3437e+02 2.4357e+02 2.5300e+02 2.6212e+02
5.0000e+01 1.2720e+02 1.9212e+02 2.3656e+02 2.5389e+02 2.3549e+02 2.3423e+02 2.4346e+02 2.5292e+02 2.6208e+02
5.0000e+01 1.2718e+02 1.9203e+02 2.3649e+02 2.5384e+02 2.3533e+02 2.3409e+02 2.4334e+02 2.5284e+02 2.6204e+02
5.0000e+01 1.2717e+02 1.9195e+02 2.3643e+02 2.5379e+02 2.3517e+02 2.3395e+02 2.4324e+02 2.5276e+02 2.6201e+02
5.0000e+01 1.2715e+02 1.9187e+02 2.3638e+02 2.5375e+02 2.3501e+02 2.3382e+02 2.4313e+02 2.5268e+02 2.6197e+02
5.0000e+01 1.2713e+02 1.9179e+02 2.3632e+02 2.5371e+02 2.3486e+02 2.3369e+02 2.4302e+02 2.5261e+02 2.6193e+02
5.0000e+01 1.2712e+02 1.9171e+02 2.3626e+02 2.5366e+02 2.3471e+02 2.3356e+02 2.4292e+02 2.5253e+02 2.6190e+02
5.0000e+01 1.2710e+02 1.9164e+02 2.3621e+02 2.5362e+02 2.3457e+02 2.3343e+02 2.4282e+02 2.5246e+02 2.6187e+02
5.0000e+01 1.2709e+02 1.9156e+02 2.3615e+02 2.5358e+02 2.3442e+02 2.3331e+02 2.4272e+02 2.5239e+02 2.6183e+02
5.0000e+01 1.2707e+02 1.9149e+02 2.3610e+02 2.5354e+02 2.3428e+02 2.3319e+02 2.4262e+02 2.5232e+02 2.6180e+02
5.0000e+01 1.2706e+02 1.9142e+02 2.3605e+02 2.5350e+02 2.3414e+02 2.3307e+02 2.4253e+02 2.5225e+02 2.6177e+02
5.0000e+01 1.2704e+02 1.9135e+02 2.3600e+02 2.5347e+02 2.3401e+02 2.3295e+02 2.4243e+02 2.5218e+02 2.6173e+02
5.0000e+01 1.2703e+02 1.9129e+02 2.3595e+02 2.5343e+02 2.3388e+02 2.3284e+02 2.4234e+02 2.5212e+02 2.6170e+02
5.0000e+01 1.2701e+02 1.9122e+02 2.3590e+02 2.5339e+02 2.3375e+02 2.3273e+02 2.4225e+02 2.5205e+02 2.6167e+02
5.0000e+01 1.2700e+02 1.9116e+02 2.3586e+02 2.5336e+02 2.3362e+02 2.3262e+02 2.4216e+02 2.5199e+02 2.6164e+02
5.0000e+01 1.2699e+02 1.9109e+02 2.3581e+02 2.5332e+02 2.3349e+02 2.3251e+02 2.4207e+02 2.5192e+02 2.6161e+02
5.0000e+01 1.2697e+02 1.9103e+02 2.3577e+02 2.5329e+02 2.3337e+02 2.3240e+02 2.4199e+02 2.5186e+02 2.6158e+02
5.0000e+01 1.2696e+02 1.9097e+02 2.3572e+02 2.5326e+02 2.3325e+02 2.3230e+02 2.4190e+02 2.5180e+02 2.6156e+02
5.0000e+01 1.2695e+02 1.9091e+02 2.3568e+02 2.5322e+02 2.3313e+02 2.3219e+02 2.4182e+02 2.5174e+02 2.6153e+02
5.0000e+01 1.2694e+02 1.9086e+02 2.3564e+02 2.5319e+02 2.3301e+02 2.3209e+02 2.4174e+02 2.5168e+02 2.6150e+02
5.0000e+01 1.2693e+02 1.9080e+02 2.3560e+02 2.5316e+02 2.3290e+02 2.3200e+02 2.4166e+02 2.5163e+02 2.6148e+02
5.0000e+01 1.2691e+02 1.9075e+02 2.3556e+02 2.5313e+02 2.3279e+02 2.3190e+02 2.4158e+02 2.5157e+02 2.6145e+02
5.0000e+01 1.2690e+02 1.9069e+02 2.3552e+02 2.5310e+02 2.3268e+02 2.3180e+02 2.4151e+02 2.5152e+02 2.6142e+02
5.0000e+01 1.2689e+02 1.9064e+02 2.3548e+02 2.5307e+02 2.3257e+02 2.3171e+02 2.4143e+02 2.5146e+02 2.6140e+02
5.0000e+01 1.2688e+02 1.9059e+02 2.3544e+02 2.5304e+02 2.3247e+02 2.3162e+02 2.4136e+02 2.5141e+02 2.6137e+02
5.0000e+01 1.2687e+02 1.9054e+02 2.3540e+02 2.5302e+02 2.3236e+02 2.3153e+02 2.4128e+02 2.5136e+02 2.6135e+02
5.0000e+01 1.2686e+02 1.9049e+02 2.3537e+02 2.5299e+02 2.3226e+02 2.3144e+02 2.4121e+02 2.5131e+02 2.6133e+02
5.0000e+01 1.2685e+02 1.9044e+02 2.3533e+02 2.5296e+02 2.3216e+02 2.3136e+02 2.4114e+02 2.5126e+02 2.6130e+02
5.0000e+01 1.2684e+02 1.9039e+02 2.3530e+02 2.5294e+02 2.3206e+02 2.3127e+02 2.4107e+02 2.5121e+02 2.6128e+02
5.0000e+01 1.2683e+02 1.9034e+02 2.3526e+02 2.5291e+02 2.3197e+02 2.3119e+02 2.4101e+02 2.5116e+02 2.6126e+02
5.0000e+01 1.2682e+02 1.9030e+02 2.3523e+02 2.5288e+02 2.3187e+02 2.3111e+02 2.4094e+02 2.5111e+02 2.6124e+02
5.0000e+01 1.2681e+02 1.9025e+02 2.3520e+02 2.5286e+02 2.3178e+02 2.3103e+02 2.4088e+02 2.5106e+02 2.6121e+02
5.0000e+01 1.2680e+02 1.9021e+02 2.3517e+02 2.5284e+02 2.3169e+02 2.3095e+02 2.4081e+02 2.5102e+02 2.6119e+02
5.0000e+01 1.2679e+02 1.9017e+02 2.3514e+02 2.5281e+02 2.3160e+02 2.3087e+02 2.4075e+02 2.5097e+02 2.6117e+02
5.0000e+01 1.2679e+02 1.9012e+02 2.3511e+02 2.5279e+02 2.3151e+02 2.3079e+02 2.4069e+02 2.5093e+02 2.6115e+02
5.0000e+01 1.2678e+02 1.9008e+02 2.3508e+02 2.5277e+02 2.3143e+02 2.3072e+02 2.4063e+02 2.5088e+02 2.6113e+02
5.0000e+01 1.2677e+02 1.9004e+02 2.3505e+02 2.5274e+02 2.3134e+02 2.3064e+02 2.4057e+02 2.5084e+02 2.6111e+02
5.0000e+01 1.2676e+02 1.9000e+02 2.3502e+02 2.5272e+02 2.3126e+02 2.3057e+02 2.4051e+02 2.5080e+02 2.6109e+02
5.0000e+01 1.2675e+02 1.8996e+02 2.3499e+02 2.5270e+02 2.3118e+02 2.3050e+02 2.4045e+02 2.5076e+02 2.6107e+02
5.0000e+01 1.2675e+02 1.8993e+02 2.3496e+02 2.5268e+02 2.3110e+02 2.3043e+02 2.4039e+02 2.5072e+02 2.6105e+02
5.0000e+01 1.2674e+02 1.8989e+02 2.3493e+02 2.5266e+02 2.3102e+02 2.3036e+02 2.4034e+02 2.5068e+02 2.6104e+02
5.0000e+01 1.2673e+02 1.8985e+02 2.3491e+02 2.5264e+02 2.3094e+02 2.3030e+02 2.4028e+02 2.5064e+02 2.6102e+02
5.0000e+01 1.2672e+02 1.8982e+02 2.3488e+02 2.5262e+02 2.3086e+02 2.3023e+02 2.4023e+02 2.5060e+02 2.6100e+02
5.0000e+01 1.2672e+02 1.8978e+02 2.3486e+02 2.5260e+02 2.3079e+02 2.3016e+02 2.4018e+02 2.5056e+02 2.6098e+02
5.0000e+01 1.2671e+02 1.8975e+02 2.3483e+02 2.5258e+02 2.3072e+02 2.3010e+02 2.4012e+02 2.5052e+02 2.6097e+02
5.0000e+01 1.2670e+02 1.8971e+02 2.3481e+02 2.5256e+02 2.3064e+02 2.3004e+02 2.4007e+02 2.5049e+02 2.6095e+02
5.0000e+01 1.2670e+02 1.8968e+02 2.3478e+02 2.5254e+02 2.3057e+02 2.2998e+02 2.4002e+02 2.5045e+02 2.6093e+02
5.0000e+01 1.2669e+02 1.8965e+02 2.3476e+02 2.5253e+02 2.3050e+02 2.2992e+02 2.3997e+02 2.5042e+02 2.6092e+02
5.0000e+01 1.2668e+02 1.8962e+02 2.3474e+02 2.5251e+02 2.3044e+02 2.2986e+02 2.3992e+02 2.5038e+02 2.6090e+02
5.0000e+01 1.2668e+02 1.8959e+02 2.3471e+02 2.5249e+02 2.3037e+02 2.2980e+02 2.3988e+02 2.5035e+02 2.6089e+02
5.0000e+01 1.2667e+02 1.8955e+02 2.3469e+02 2.5247e+02 2.3030e+02 2.2974e+02 2.3983e+02 2.5031e+02 2.6087e+02
5.0000e+01 1.2666e+02 1.8952e+02 2.3467e+02 2.5246e+02 2.3024e+02 2.2968e+02 2.3978e+02 2.5028e+02 2.6086e+02
5.0000e+01 1.2666e+02 1.8949e+02 2.3465e+02 2.5244e+02 2.3018e+02 2.2963e+02 2.3974e+02 2.5025e+02 2.6084e+02
5.0000e+01 1.2665e+02 1.8947e+02 2.3463e+02 2.5242e+02 2.3011e+02 2.2957e+02 2.3969e+02 2.5022e+02 2.6083e+02
