0.0000e+00
0.0000e+00
0.0000e+00
0.0000e+00
0.0000e+00
0.0000e+00
0.0000e+00
0.0000e+00
0.0000e+00
0.0000e+00
0.0000e+00
0.0000e+00
0.0000e+00
0.0000e+00
0.0000e+00
0.0000e+00
0.0000e+00
0.0000e+00
0.0000e+00
0.0000e+00
0.0000e+00
0.0000e+00
0.0000e+00
0.0000e+00
0.0000e+00
0.0000e+00
0.0000e+00
0.0000e+00
0.0000e+00
0.0000e+00
0.0000e+00
0.0000e+00
0.0000e+00
0.0000e+00
0.0000e+00
0.0000e+00
0.0000e+00
0.0000e+00
0.0000e+00
0.0000e+00
0.0000e+00
0.0000e+00
0.0000e+00
0.0000e+00
0.0000e+00
0.0000e+00
0.0000e+00
0.0000e+00
0.0000e+00
0.0000e+00
0.0000e+00
0.0000e+00
0.0000e+00
0.0000e+00
0.0000e+00
0.0000e+00
0.0000e+00
0.0000e+00
0.0000e+00
0.0000e+00
0.0000e+00
0.0000e+00
0.0000e+00
0.0000e+00
0.0000e+00
0.0000e+00
0.0000e+00
0.0000e+00
0.0000e+00
0.0000e+00
0.0000e+00
0.0000e+00
0.0000e+00
0.0000e+00
0.0000e+00
0.0000e+00
0.0000e+00
0.0000e+00
0.0000e+00
0.0000e+00
0.0000e+00
0.0000e+00
0.0000e+00
0.0000e+00
0.0000e+00
0.0000e+00
0.0000e+00
0.0000e+00
0.0000e+00
0.0000e+00
0.0000e+00
0.0000e+00
0.0000e+00
0.0000e+00
0.0000e+00
0.0000e+00
0.0000e+00
0.0000e+00
0.0000e+00
0.0000e+00
0.0000e+00
0.0000e+00
0.0000e+00
0.0000e+00
0.0000e+00
0.0000e+00
0.0000e+00
0.0000e+00
0.0000e+00
0.0000e+00
0.0000e+00
0.0000e+00
0.0000e+00
0.0000e+00
0.0000e+00
0.0000e+00
0.0000e+00
0.0000e+00
0.0000e+00
0.0000e+00
0.0000e+00
0.0000e+00
0.0000e+00
0.0000e+00
0.0000e+00
0.0000e+00
0.0000e+00
0.0000e+00
0.0000e+00
0.0000e+00
0.0000e+00
0.0000e+00
0.0000e+00
0.0000e+00
0.0000e+00
0.0000e+00
0.0000e+00
0.0000e+00
0.0000e+00
0.0000e+00
0.0000e+00
0.0000e+00
0.0000e+00
0.0000e+00
-5.6384e+00
-1.6060e+00
-1.8816e+00
-1.0942e+00
-1.1937e+00
-1.0090e+00
-8.4406e-01
-7.1646e-01
-6.1610e-01
-5.3548e-01
-4.6961e-01
-4.1503e-01
-3.6930e-01
-3.3145e-01
-2.9919e-01
-2.7429e-01
-2.5710e-01
-2.4117e-01
-2.2624e-01
-2.1252e-01
-1.9997e-01
-1.8851e-01
-1.7803e-01
-1.6842e-01
-1.5960e-01
-1.5147e-01
-1.4397e-01
-1.3704e-01
-1.3060e-01
-1.2462e-01
-1.1904e-01
-1.1384e-01
-1.0897e-01
-1.0440e-01
-1.0011e-01
-9.6078e-02
-9.2275e-02
-8.8686e-02
-8.5294e-02
-8.2083e-02
-7.9040e-02
-7.6153e-02
-7.3410e-02
-7.0802e-02
-6.8320e-02
-6.5954e-02
-6.3698e-02
-6.1545e-02
-5.9488e-02
-5.7522e-02
-5.5641e-02
-5.4141e-02
-5.2362e-02
-5.0639e-02
-4.9005e-02
-4.7450e-02
-4.5966e-02
-4.4544e-02
-4.3181e-02
-4.1873e-02
-4.0616e-02
-3.9408e-02
-3.8245e-02
-3.7126e-02
-3.6048e-02
-3.5010e-02
-3.4010e-02
-3.3045e-02
-3.2115e-02
-3.1217e-02
-3.0351e-02
-2.9514e-02
-2.8706e-02
-2.7926e-02
-2.7172e-02
-2.6443e-02
-2.5738e-02
-2.5056e-02
-2.4397e-02
-2.3758e-02
-2.3141e-02
-2.2543e-02
-2.1964e-02
-2.1403e-02
-2.0860e-02
-2.0333e-02
-1.9823e-02
-1.9329e-02
-1.8849e-02
-1.8384e-02
-1.7933e-02
-1.7496e-02
-1.7071e-02
-1.6659e-02
-1.6260e-02
-1.5871e-02
-1.5494e-02
-1.5128e-02
-1.4773e-02
-1.4427e-02
-1.4092e-02
-1.3766e-02
-1.3449e-02
-1.3141e-02
-1.2841e-02
-1.2550e-02
-1.2267e-02
-1.1991e-02
-1.1723e-02
-1.1462e-02
-1.1208e-02
-1.0961e-02
-1.0721e-02
-1.0487e-02
-1.0259e-02
-1.0037e-02
-9.8212e-03
-9.6108e-03
-9.4057e-03
-9.2060e-03
-9.0114e-03
-8.8217e-03
-8.6368e-03
-8.4567e-03
-8.2810e-03
-8.1098e-03
-7.9428e-03
-7.7799e-03
-7.6211e-03
-7.4662e-03
-7.3150e-03
-7.1676e-03
-7.0237e-03
-6.8833e-03
-6.7462e-03
-6.6125e-03
-6.4819e-03
-6.3544e-03
-6.2300e-03
-6.1084e-03
-5.9897e-03
-5.8738e-03
0.0000e+00
-1.3233e+01
-1.9080e+00
-7.7226e+00
-2.7635e+00
-3.3773e+00
-1.9667e+00
-1.3894e+00
-1.0585e+00
-8.4455e-01
-6.9617e-01
-5.8795e-01
-5.0597e-01
-4.4196e-01
-3.9230e-01
-3.5207e-01
-3.8638e-01
-4.9307e-01
-5.4372e-01
-5.6930e-01
-5.8036e-01
-5.8218e-01
-5.7789e-01
-5.6949e-01
-5.5834e-01
-5.4536e-01
-5.3123e-01
-5.1641e-01
-5.0126e-01
-4.8601e-01
-4.7085e-01
-4.5590e-01
-4.4126e-01
-4.2698e-01
-4.1311e-01
-3.9967e-01
-3.8668e-01
-3.7414e-01
-3.6205e-01
-3.5041e-01
-3.3920e-01
-3.2841e-01
-3.1804e-01
-3.0806e-01
-2.9846e-01
-2.8923e-01
-2.8036e-01
-2.7182e-01
-2.6360e-01
-2.5569e-01
-2.4808e-01
-2.4075e-01
-2.3396e-01
-2.2728e-01
-2.2075e-01
-2.1443e-01
-2.0831e-01
-2.0240e-01
-1.9669e-01
-1.9118e-01
-1.8587e-01
-1.8073e-01
-1.7578e-01
-1.7099e-01
-1.6636e-01
-1.6189e-01
-1.5757e-01
-1.5340e-01
-1.4936e-01
-1.4545e-01
-1.4167e-01
-1.3800e-01
-1.3446e-01
-1.3103e-01
-1.2770e-01
-1.2448e-01
-1.2136e-01
-1.1833e-01
-1.1540e-01
-1.1255e-01
-1.0980e-01
-1.0712e-01
-1.0452e-01
-1.0200e-01
-9.9552e-02
-9.7176e-02
-9.4869e-02
-9.2628e-02
-9.0451e-02
-8.8336e-02
-8.6281e-02
-8.4283e-02
-8.2341e-02
-8.0453e-02
-7.8617e-02
-7.6832e-02
-7.5096e-02
-7.3406e-02
-7.1763e-02
-7.0163e-02
-6.8606e-02
-6.7091e-02
-6.5616e-02
-6.4180e-02
-6.2781e-02
-6.1419e-02
-6.0092e-02
-5.8800e-02
-5.7541e-02
-5.6314e-02
-5.5118e-02
-5.3953e-02
-5.2817e-02
-5.1710e-02
-5.0630e-02
-4.9577e-02
-4.8551e-02
-4.7549e-02
-4.6573e-02
-4.5620e-02
-4.4690e-02
-4.3783e-02
-4.2898e-02
-4.2034e-02
-4.1191e-02
-4.0368e-02
-3.9565e-02
-3.8781e-02
-3.8015e-02
-3.7267e-02
-3.6536e-02
-3.5823e-02
-3.5126e-02
-3.4445e-02
-3.3780e-02
-3.3130e-02
-3.2495e-02
-3.1875e-02
-3.1268e-02
-3.0675e-02
-3.0096e-02
-2.9529e-02
-2.8975e-02
-1.1773e+00
-1.5441e+00
-1.6265e+00
-1.6371e+00
-1.5826e+00
-1.4885e+00
-1.3608e+00
-1.2099e+00
-1.0558e+00
-9.1478e-01
-7.9460e-01
-6.9618e-01
-6.1710e-01
-5.5387e-01
-5.0309e-01
-4.6187e-01
-4.2964e-01
-4.0781e-01
-3.9522e-01
-3.8867e-01
-3.8502e-01
-3.8211e-01
-3.7880e-01
-3.7459e-01
-3.6937e-01
-3.6321e-01
-3.5626e-01
-3.4870e-01
-3.4068e-01
-3.3236e-01
-3.2385e-01
-3.1526e-01
-3.0665e-01
-2.9810e-01
-2.8965e-01
-2.8134e-01
-2.7319e-01
-2.6522e-01
-2.5745e-01
-2.4988e-01
-2.4252e-01
-2.3538e-01
-2.2845e-01
-2.2173e-01
-2.1522e-01
-2.0892e-01
-2.0282e-01
-1.9692e-01
-1.9121e-01
-1.8569e-01
-1.8035e-01
-1.7519e-01
-1.7014e-01
-1.6536e-01
-1.6075e-01
-1.5629e-01
-1.5196e-01
-1.4776e-01
-1.4369e-01
-1.3974e-01
-1.3592e-01
-1.3222e-01
-1.2863e-01
-1.2516e-01
-1.2180e-01
-1.1855e-01
-1.1540e-01
-1.1235e-01
-1.0940e-01
-1.0654e-01
-1.0377e-01
-1.0109e-01
-9.8490e-02
-9.5971e-02
-9.3530e-02
-9.1164e-02
-8.8869e-02
-8.6645e-02
-8.4487e-02
-8.2395e-02
-8.0364e-02
-7.8394e-02
-7.6483e-02
-7.4627e-02
-7.2826e-02
-7.1076e-02
-6.9378e-02
-6.7728e-02
-6.6126e-02
-6.4569e-02
-6.3056e-02
-6.1586e-02
-6.0157e-02
-5.8767e-02
-5.7416e-02
-5.6103e-02
-5.4825e-02
-5.3583e-02
-5.2374e-02
-5.1197e-02
-5.0052e-02
-4.8938e-02
-4.7854e-02
-4.6798e-02
-4.5770e-02
-4.4769e-02
-4.3794e-02
-4.2845e-02
-4.1920e-02
-4.1019e-02
-4.0141e-02
-3.9285e-02
-3.8451e-02
-3.7638e-02
-3.6846e-02
-3.6073e-02
-3.5320e-02
-3.4585e-02
-3.3869e-02
-3.3170e-02
-3.2488e-02
-3.1823e-02
-3.1174e-02
-3.0541e-02
-2.9923e-02
-2.9320e-02
-2.8732e-02
-2.8157e-02
-2.7596e-02
-2.7048e-02
-2.6513e-02
-2.5991e-02
-2.5481e-02
-2.4982e-02
-2.4496e-02
-2.4020e-02
-2.3555e-02
-2.3101e-02
-2.2658e-02
-2.2224e-02
-2.1801e-02
-2.1386e-02
-2.0982e-02
-3.4810e-02
-8.6051e-02
-1.3518e-01
-1.7982e-01
-2.1935e-01
-2.5319e-01
-2.8109e-01
-3.0277e-01
-3.1857e-01
-3.2924e-01
-3.3568e-01
-3.3872e-01
-3.3903e-01
-3.3716e-01
-3.3352e-01
-3.2846e-01
-3.2233e-01
-3.1551e-01
-3.0838e-01
-3.0117e-01
-2.9399e-01
-2.8688e-01
-2.7986e-01
-2.7292e-01
-2.6607e-01
-2.5932e-01
-2.5267e-01
-2.4612e-01
-2.3969e-01
-2.3337e-01
-2.2717e-01
-2.2110e-01
-2.1516e-01
-2.0936e-01
-2.0368e-01
-1.9814e-01
-1.9273e-01
-1.8746e-01
-1.8232e-01
-1.7731e-01
-1.7244e-01
-1.6770e-01
-1.6309e-01
-1.5861e-01
-1.5425e-01
-1.5001e-01
-1.4590e-01
-1.4191e-01
-1.3803e-01
-1.3427e-01
-1.3062e-01
-1.2708e-01
-1.2362e-01
-1.2040e-01
-1.1720e-01
-1.1407e-01
-1.1103e-01
-1.0807e-01
-1.0521e-01
-1.0243e-01
-9.9740e-02
-9.7127e-02
-9.4594e-02
-9.2136e-02
-8.9753e-02
-8.7441e-02
-8.5200e-02
-8.3025e-02
-8.0915e-02
-7.8869e-02
-7.6884e-02
-7.4957e-02
-7.3088e-02
-7.1274e-02
-6.9513e-02
-6.7804e-02
-6.6145e-02
-6.4535e-02
-6.2971e-02
-6.1452e-02
-5.9977e-02
-5.8543e-02
-5.7151e-02
-5.5799e-02
-5.4484e-02
-5.3206e-02
-5.1964e-02
-5.0757e-02
-4.9583e-02
-4.8442e-02
-4.7332e-02
-4.6252e-02
-4.5202e-02
-4.4180e-02
-4.3185e-02
-4.2217e-02
-4.1275e-02
-4.0359e-02
-3.9466e-02
-3.8597e-02
-3.7750e-02
-3.6926e-02
-3.6123e-02
-3.5341e-02
-3.4579e-02
-3.3836e-02
-3.3113e-02
-3.2407e-02
-3.1720e-02
-3.1050e-02
-3.0397e-02
-2.9760e-02
-2.9138e-02
-2.8533e-02
-2.7942e-02
-2.7365e-02
-2.6803e-02
-2.6254e-02
-2.5719e-02
-2.5196e-02
-2.4687e-02
-2.4189e-02
-2.3703e-02
-2.3229e-02
-2.2766e-02
-2.2314e-02
-2.1872e-02
-2.1441e-02
-2.1020e-02
-2.0608e-02
-2.0206e-02
-1.9814e-02
-1.9430e-02
-1.9055e-02
-1.8689e-02
-1.8331e-02
-1.7981e-02
-1.7639e-02
-1.7304e-02
-1.6978e-02
-1.6658e-02
-1.6345e-02
-1.6040e-02
-1.6561e-02
-5.3380e-02
-1.0665e-01
-1.6893e-01
-2.3364e-01
-2.9588e-01
-3.5295e-01
-4.0360e-01
-4.4755e-01
-4.8503e-01
-5.1651e-01
-5.4255e-01
-5.6369e-01
-5.8048e-01
-5.9342e-01
-6.0296e-01
-6.0954e-01
-6.1352e-01
-6.1525e-01
-6.1504e-01
-6.1318e-01
-6.0992e-01
-6.0548e-01
-6.0006e-01
-5.9382e-01
-5.8690e-01
-5.7943e-01
-5.7152e-01
-5.6324e-01
-5.5468e-01
-5.4590e-01
-5.3696e-01
-5.2790e-01
-5.1878e-01
-5.0961e-01
-5.0043e-01
-4.9128e-01
-4.8216e-01
-4.7309e-01
-4.6410e-01
-4.5520e-01
-4.4639e-01
-4.3768e-01
-4.2909e-01
-4.2062e-01
-4.1228e-01
-4.0406e-01
-3.9598e-01
-3.8803e-01
-3.8021e-01
-3.7253e-01
-3.6500e-01
-3.5740e-01
-3.5004e-01
-3.4286e-01
-3.3583e-01
-3.2896e-01
-3.2224e-01
-3.1565e-01
-3.0921e-01
-3.0289e-01
-2.9671e-01
-2.9066e-01
-2.8473e-01
-2.7893e-01
-2.7325e-01
-2.6769e-01
-2.6225e-01
-2.5693e-01
-2.5171e-01
-2.4661e-01
-2.4162e-01
-2.3673e-01
-2.3195e-01
-2.2727e-01
-2.2269e-01
-2.1821e-01
-2.1382e-01
-2.0953e-01
-2.0533e-01
-2.0123e-01
-1.9721e-01
-1.9328e-01
-1.8943e-01
-1.8566e-01
-1.8198e-01
-1.7838e-01
-1.7485e-01
-1.7140e-01
-1.6803e-01
-1.6472e-01
-1.6149e-01
-1.5833e-01
-1.5524e-01
-1.5221e-01
-1.4925e-01
-1.4635e-01
-1.4352e-01
-1.4074e-01
-1.3803e-01
-1.3537e-01
-1.3277e-01
-1.3023e-01
-1.2774e-01
-1.2531e-01
-1.2292e-01
-1.2059e-01
-1.1831e-01
-1.1607e-01
-1.1389e-01
-1.1174e-01
-1.0965e-01
-1.0760e-01
-1.0559e-01
-1.0363e-01
-1.0170e-01
-9.9819e-02
-9.7975e-02
-9.6170e-02
-9.4402e-02
-9.2672e-02
-9.0977e-02
-8.9318e-02
-8.7694e-02
-8.6103e-02
-8.4544e-02
-8.3019e-02
-8.1524e-02
-8.0060e-02
-7.8627e-02
-7.7222e-02
-7.5847e-02
-7.4499e-02
-7.3179e-02
-7.1886e-02
-7.0619e-02
-6.9378e-02
-6.8161e-02
-6.6969e-02
-6.5802e-02
-6.4657e-02
-6.3535e-02
-6.2436e-02
-1.2871e-01
-2.7732e-01
-4.1718e-01
-5.2906e-01
-6.1416e-01
-6.7250e-01
-7.1190e-01
-7.3577e-01
-7.4869e-01
-7.5341e-01
-7.5200e-01
-7.4606e-01
-7.3681e-01
-7.2521e-01
-7.1196e-01
-6.9760e-01
-6.8258e-01
-6.6715e-01
-6.5164e-01
-6.3628e-01
-6.2118e-01
-6.0646e-01
-5.9216e-01
-5.7830e-01
-5.6488e-01
-5.5190e-01
-5.3932e-01
-5.2714e-01
-5.1533e-01
-5.0387e-01
-4.9274e-01
-4.8192e-01
-4.7140e-01
-4.6115e-01
-4.5117e-01
-4.4144e-01
-4.3195e-01
-4.2270e-01
-4.1367e-01
-4.0485e-01
-3.9624e-01
-3.8783e-01
-3.7961e-01
-3.7159e-01
-3.6374e-01
-3.5607e-01
-3.4858e-01
-3.4125e-01
-3.3409e-01
-3.2709e-01
-3.2025e-01
-3.1356e-01
-3.0591e-01
-2.9978e-01
-2.9365e-01
-2.8762e-01
-2.8171e-01
-2.7593e-01
-2.7026e-01
-2.6471e-01
-2.5928e-01
-2.5397e-01
-2.4877e-01
-2.4369e-01
-2.3871e-01
-2.3385e-01
-2.2909e-01
-2.2443e-01
-2.1988e-01
-2.1543e-01
-2.1107e-01
-2.0682e-01
-2.0265e-01
-1.9858e-01
-1.9459e-01
-1.9069e-01
-1.8688e-01
-1.8315e-01
-1.7951e-01
-1.7594e-01
-1.7245e-01
-1.6904e-01
-1.6570e-01
-1.6244e-01
-1.5925e-01
-1.5612e-01
-1.5307e-01
-1.5008e-01
-1.4715e-01
-1.4429e-01
-1.4150e-01
-1.3876e-01
-1.3608e-01
-1.3346e-01
-1.3090e-01
-1.2839e-01
-1.2593e-01
-1.2353e-01
-1.2118e-01
-1.1888e-01
-1.1663e-01
-1.1443e-01
-1.1228e-01
-1.1017e-01
-1.0810e-01
-1.0608e-01
-1.0411e-01
-1.0217e-01
-1.0028e-01
-9.8421e-02
-9.6605e-02
-9.4827e-02
-9.3087e-02
-9.1383e-02
-8.9715e-02
-8.8081e-02
-8.6482e-02
-8.4915e-02
-8.3381e-02
-8.1879e-02
-8.0408e-02
-7.8967e-02
-7.7556e-02
-7.6173e-02
-7.4819e-02
-7.3493e-02
-7.2193e-02
-7.0920e-02
-6.9673e-02
-6.8451e-02
-6.7253e-02
-6.6080e-02
-6.4930e-02
-6.3803e-02
-6.2699e-02
-6.1617e-02
-6.0556e-02
-5.9517e-02
-5.8498e-02
-5.7499e-02
-5.6520e-02
-5.5560e-02
-5.4619e-02
-5.1737e-02
-1.2569e-01
-2.0481e-01
-2.8122e-01
-3.5027e-01
-4.0836e-01
-4.5474e-01
-4.8907e-01
-5.1268e-01
-5.2737e-01
-5.3505e-01
-5.3740e-01
-5.3580e-01
-5.3132e-01
-5.2478e-01
-5.1676e-01
-5.0779e-01
-4.9830e-01
-4.8871e-01
-4.7923e-01
-4.6994e-01
-4.6087e-01
-4.5198e-01
-4.4326e-01
-4.3468e-01
-4.2622e-01
-4.1788e-01
-4.0965e-01
-4.0153e-01
-3.9352e-01
-3.8562e-01
-3.7784e-01
-3.7018e-01
-3.6264e-01
-3.5523e-01
-3.4795e-01
-3.4080e-01
-3.3378e-01
-3.2689e-01
-3.2013e-01
-3.1350e-01
-3.0701e-01
-3.0065e-01
-2.9441e-01
-2.8831e-01
-2.8233e-01
-2.7648e-01
-2.7075e-01
-2.6515e-01
-2.5966e-01
-2.5429e-01
-2.4904e-01
-2.4335e-01
-2.3837e-01
-2.3349e-01
-2.2871e-01
-2.2404e-01
-2.1947e-01
-2.1500e-01
-2.1062e-01
-2.0635e-01
-2.0217e-01
-1.9807e-01
-1.9407e-01
-1.9016e-01
-1.8633e-01
-1.8258e-01
-1.7892e-01
-1.7534e-01
-1.7183e-01
-1.6840e-01
-1.6505e-01
-1.6177e-01
-1.5856e-01
-1.5543e-01
-1.5236e-01
-1.4936e-01
-1.4642e-01
-1.4355e-01
-1.4074e-01
-1.3799e-01
-1.3530e-01
-1.3267e-01
-1.3010e-01
-1.2758e-01
-1.2512e-01
-1.2271e-01
-1.2035e-01
-1.1804e-01
-1.1579e-01
-1.1358e-01
-1.1142e-01
-1.0930e-01
-1.0723e-01
-1.0521e-01
-1.0323e-01
-1.0129e-01
-9.9391e-02
-9.7533e-02
-9.5715e-02
-9.3935e-02
-9.2193e-02
-9.0487e-02
-8.8818e-02
-8.7183e-02
-8.5583e-02
-8.4016e-02
-8.2482e-02
-8.0980e-02
-7.9509e-02
-7.8068e-02
-7.6658e-02
-7.5276e-02
-7.3923e-02
-7.2598e-02
-7.1300e-02
-7.0029e-02
-6.8783e-02
-6.7563e-02
-6.6368e-02
-6.5197e-02
-6.4050e-02
-6.2926e-02
-6.1825e-02
-6.0746e-02
-5.9688e-02
-5.8652e-02
-5.7636e-02
-5.6641e-02
-5.5666e-02
-5.4709e-02
-5.3772e-02
-5.2853e-02
-5.1952e-02
-5.1069e-02
-5.0204e-02
-4.9355e-02
-4.8523e-02
-4.7707e-02
-4.6907e-02
-4.6122e-02
-4.5352e-02
-4.4598e-02
-2.0763e-03
-2.1752e-02
-5.0062e-02
-8.3626e-02
-1.1978e-01
-1.5591e-01
-1.9023e-01
-2.2130e-01
-2.4834e-01
-2.7107e-01
-2.8953e-01
-3.0401e-01
-3.1493e-01
-3.2274e-01
-3.2789e-01
-3.3078e-01
-3.3179e-01
-3.3128e-01
-3.2958e-01
-3.2696e-01
-3.2365e-01
-3.1982e-01
-3.1561e-01
-3.1111e-01
-3.0638e-01
-3.0149e-01
-2.9649e-01
-2.9140e-01
-2.8625e-01
-2.8108e-01
-2.7589e-01
-2.7072e-01
-2.6556e-01
-2.6044e-01
-2.5537e-01
-2.5034e-01
-2.4537e-01
-2.4047e-01
-2.3563e-01
-2.3087e-01
-2.2619e-01
-2.2158e-01
-2.1705e-01
-2.1260e-01
-2.0824e-01
-2.0396e-01
-1.9976e-01
-1.9564e-01
-1.9160e-01
-1.8765e-01
-1.8377e-01
-1.7998e-01
-1.7597e-01
-1.7226e-01
-1.6871e-01
-1.6525e-01
-1.6187e-01
-1.5856e-01
-1.5533e-01
-1.5216e-01
-1.4906e-01
-1.4602e-01
-1.4305e-01
-1.4015e-01
-1.3731e-01
-1.3453e-01
-1.3181e-01
-1.2915e-01
-1.2655e-01
-1.2400e-01
-1.2151e-01
-1.1908e-01
-1.1670e-01
-1.1437e-01
-1.1210e-01
-1.0987e-01
-1.0769e-01
-1.0556e-01
-1.0348e-01
-1.0144e-01
-9.9451e-02
-9.7502e-02
-9.5596e-02
-9.3732e-02
-9.1908e-02
-9.0124e-02
-8.8379e-02
-8.6672e-02
-8.5002e-02
-8.3369e-02
-8.1770e-02
-8.0207e-02
-7.8677e-02
-7.7180e-02
-7.5715e-02
-7.4282e-02
-7.2880e-02
-7.1507e-02
-7.0164e-02
-6.8850e-02
-6.7564e-02
-6.6305e-02
-6.5072e-02
-6.3866e-02
-6.2685e-02
-6.1529e-02
-6.0398e-02
-5.9290e-02
-5.8206e-02
-5.7144e-02
-5.6104e-02
-5.5086e-02
-5.4089e-02
-5.3113e-02
-5.2157e-02
-5.1221e-02
-5.0304e-02
-4.9406e-02
-4.8526e-02
-4.7664e-02
-4.6820e-02
-4.5993e-02
-4.5183e-02
-4.4389e-02
-4.3611e-02
-4.2849e-02
-4.2103e-02
-4.1371e-02
-4.0654e-02
-3.9951e-02
-3.9263e-02
-3.8587e-02
-3.7926e-02
-3.7277e-02
-3.6641e-02
-3.6018e-02
-3.5407e-02
-3.4808e-02
-3.4221e-02
-3.3645e-02
-3.3080e-02
-3.2526e-02
-3.1983e-02
2.8023e-03
-2.3554e-03
-1.1021e-02
-2.2889e-02
-3.7331e-02
-5.3458e-02
-7.0380e-02
-8.7235e-02
-1.0331e-01
-1.1806e-01
-1.3113e-01
-1.4235e-01
-1.5165e-01
-1.5911e-01
-1.6482e-01
-1.6895e-01
-1.7168e-01
-1.7317e-01
-1.7364e-01
-1.7325e-01
-1.7218e-01
-1.7057e-01
-1.6854e-01
-1.6619e-01
-1.6360e-01
-1.6084e-01
-1.5795e-01
-1.5498e-01
-1.5195e-01
-1.4890e-01
-1.4584e-01
-1.4278e-01
-1.3974e-01
-1.3673e-01
-1.3375e-01
-1.3081e-01
-1.2791e-01
-1.2506e-01
-1.2226e-01
-1.1951e-01
-1.1682e-01
-1.1418e-01
-1.1159e-01
-1.0906e-01
-1.0658e-01
-1.0416e-01
-1.0179e-01
-9.9478e-02
-9.7218e-02
-9.5011e-02
-9.2856e-02
-9.0752e-02
-8.8585e-02
-8.6608e-02
-8.4668e-02
-8.2770e-02
-8.0915e-02
-7.9105e-02
-7.7337e-02
-7.5613e-02
-7.3932e-02
-7.2291e-02
-7.0691e-02
-6.9131e-02
-6.7609e-02
-6.6125e-02
-6.4678e-02
-6.3266e-02
-6.1890e-02
-6.0547e-02
-5.9238e-02
-5.7960e-02
-5.6714e-02
-5.5499e-02
-5.4313e-02
-5.3156e-02
-5.2028e-02
-5.0926e-02
-4.9852e-02
-4.8803e-02
-4.7780e-02
-4.6781e-02
-4.5807e-02
-4.4856e-02
-4.3927e-02
-4.3021e-02
-4.2136e-02
-4.1272e-02
-4.0428e-02
-3.9604e-02
-3.8800e-02
-3.8015e-02
-3.7247e-02
-3.6498e-02
-3.5766e-02
-3.5052e-02
-3.4353e-02
-3.3671e-02
-3.3004e-02
-3.2353e-02
-3.1716e-02
-3.1094e-02
-3.0487e-02
-2.9892e-02
-2.9312e-02
-2.8744e-02
-2.8189e-02
-2.7647e-02
-2.7116e-02
-2.6598e-02
-2.6091e-02
-2.5595e-02
-2.5110e-02
-2.4635e-02
-2.4171e-02
-2.3718e-02
-2.3274e-02
-2.2840e-02
-2.2415e-02
-2.1999e-02
-2.1592e-02
-2.1194e-02
-2.0805e-02
-2.0424e-02
-2.0051e-02
-1.9686e-02
-1.9328e-02
-1.8979e-02
-1.8636e-02
-1.8301e-02
-1.7973e-02
-1.7651e-02
-1.7336e-02
-1.7028e-02
-1.6726e-02
-1.6431e-02
-1.6141e-02
-1.5858e-02
-1.5580e-02
-1.5308e-02
-1.5041e-02
-1.4780e-02
-1.4524e-02
