2.2677e-03 4.5902e-03 2.2389e-03 0.0000e+00 1.7527e-07
1.7718e-03 3.0475e-03 1.7612e-03 0.0000e+00 1.6954e-07
1.5801e-03 2.2846e-03 1.2095e-03 0.0000e+00 1.6337e-07
1.4712e-03 1.9877e-03 1.1038e-03 0.0000e+00 1.5211e-07
1.3929e-03 1.7330e-03 7.9343e-04 0.0000e+00 1.3584e-07
1.3347e-03 1.5571e-03 7.2924e-04 0.0000e+00 1.1498e-07
1.2847e-03 1.4288e-03 3.8324e-04 0.0000e+00 9.0042e-08
1.2437e-03 1.3267e-03 2.9298e-04 0.0000e+00 6.1651e-08
1.2098e-03 1.2415e-03 2.3037e-04 0.0000e+00 3.0452e-08
1.1813e-03 1.1692e-03 1.8266e-04 0.0000e+00 0.0000e+00
1.1572e-03 1.1071e-03 1.4454e-04 0.0000e+00 0.0000e+00
1.1366e-03 1.0532e-03 1.1308e-04 0.0000e+00 0.0000e+00
1.1188e-03 1.0059e-03 8.6483e-05 0.0000e+00 0.0000e+00
1.1033e-03 9.6415e-04 6.3581e-05 0.0000e+00 0.0000e+00
1.0898e-03 9.2702e-04 4.3567e-05 0.0000e+00 0.0000e+00
1.0780e-03 8.9439e-04 2.5509e-05 0.0000e+00 0.0000e+00
1.0675e-03 8.6534e-04 9.1069e-06 0.0000e+00 0.0000e+00
1.0581e-03 8.3887e-04 0.0000e+00 0.0000e+00 0.0000e+00
1.0497e-03 8.1435e-04 0.0000e+00 0.0000e+00 0.0000e+00
1.0421e-03 7.9154e-04 0.0000e+00 0.0000e+00 0.0000e+00
1.0352e-03 7.7028e-04 0.0000e+00 0.0000e+00 0.0000e+00
1.0289e-03 7.5040e-04 0.0000e+00 0.0000e+00 0.0000e+00
1.0232e-03 7.3177e-04 0.0000e+00 0.0000e+00 0.0000e+00
1.0179e-03 7.1427e-04 0.0000e+00 0.0000e+00 0.0000e+00
1.0130e-03 6.9778e-04 0.0000e+00 0.0000e+00 0.0000e+00
1.0086e-03 6.8223e-04 0.0000e+00 0.0000e+00 0.0000e+00
1.0044e-03 6.6753e-04 0.0000e+00 0.0000e+00 0.0000e+00
1.0005e-03 6.5361e-04 0.0000e+00 0.0000e+00 0.0000e+00
9.9694e-04 6.4039e-04 0.0000e+00 0.0000e+00 0.0000e+00
9.9357e-04 6.2784e-04 0.0000e+00 0.0000e+00 0.0000e+00
9.9042e-04 6.1589e-04 0.0000e+00 0.0000e+00 0.0000e+00
9.8747e-04 6.0450e-04 0.0000e+00 0.0000e+00 0.0000e+00
9.8468e-04 5.9364e-04 0.0000e+00 0.0000e+00 0.0000e+00
9.8206e-04 5.8326e-04 0.0000e+00 0.0000e+00 0.0000e+00
9.7959e-04 5.7334e-04 0.0000e+00 0.0000e+00 0.0000e+00
9.7724e-04 5.6384e-04 0.0000e+00 0.0000e+00 0.0000e+00
9.7502e-04 5.5474e-04 0.0000e+00 0.0000e+00 0.0000e+00
9.7291e-04 5.4601e-04 0.0000e+00 0.0000e+00 0.0000e+00
9.7091e-04 5.3763e-04 0.0000e+00 0.0000e+00 0.0000e+00
9.6900e-04 5.2959e-04 0.0000e+00 0.0000e+00 0.0000e+00
9.6719e-04 5.2185e-04 0.0000e+00 0.0000e+00 0.0000e+00
9.6545e-04 5.1442e-04 0.0000e+00 0.0000e+00 0.0000e+00
9.6380e-04 5.0726e-04 0.0000e+00 0.0000e+00 0.0000e+00
9.6221e-04 5.0036e-04 0.0000e+00 0.0000e+00 0.0000e+00
9.6069e-04 4.9372e-04 0.0000e+00 0.0000e+00 0.0000e+00
9.5924e-04 4.8732e-04 0.0000e+00 0.0000e+00 0.0000e+00
9.5785e-04 4.8114e-04 0.0000e+00 0.0000e+00 0.0000e+00
9.5651e-04 4.7518e-04 0.0000e+00 0.0000e+00 0.0000e+00
9.5523e-04 4.6943e-04 0.0000e+00 0.0000e+00 0.0000e+00
9.5399e-04 4.6387e-04 0.0000e+00 0.0000e+00 0.0000e+00
9.5280e-04 4.5850e-04 0.0000e+00 0.0000e+00 0.0000e+00
9.5166e-04 4.5331e-04 0.0000e+00 0.0000e+00 0.0000e+00
9.5056e-04 4.4829e-04 0.0000e+00 0.0000e+00 0.0000e+00
9.4949e-04 4.4340e-04 0.0000e+00 0.0000e+00 0.0000e+00
9.4846e-04 4.3868e-04 0.0000e+00 0.0000e+00 0.0000e+00
9.4747e-04 4.3411e-04 0.0000e+00 0.0000e+00 0.0000e+00
9.4652e-04 4.2970e-04 0.0000e+00 0.0000e+00 0.0000e+00
9.4560e-04 4.2542e-04 0.0000e+00 0.0000e+00 0.0000e+00
9.4471e-04 4.2128e-04 0.0000e+00 0.0000e+00 0.0000e+00
9.4385e-04 4.1727e-04 0.0000e+00 0.0000e+00 0.0000e+00
9.4302e-04 4.1338e-04 0.0000e+00 0.0000e+00 0.0000e+00
9.4221e-04 4.0962e-04 0.0000e+00 0.0000e+00 0.0000e+00
9.4143e-04 4.0596e-04 0.0000e+00 0.0000e+00 0.0000e+00
9.4068e-04 4.0242e-04 0.0000e+00 0.0000e+00 0.0000e+00
9.3995e-04 3.9898e-04 0.0000e+00 0.0000e+00 0.0000e+00
9.3924e-04 3.9564e-04 0.0000e+00 0.0000e+00 0.0000e+00
9.3856e-04 3.9240e-04 0.0000e+00 0.0000e+00 0.0000e+00
9.3790e-04 3.8925e-04 0.0000e+00 0.0000e+00 0.0000e+00
9.3725e-04 3.8619e-04 0.0000e+00 0.0000e+00 0.0000e+00
9.3663e-04 3.8323e-04 0.0000e+00 0.0000e+00 0.0000e+00
9.3603e-04 3.8034e-04 0.0000e+00 0.0000e+00 0.0000e+00
9.3544e-04 3.7754e-04 0.0000e+00 0.0000e+00 0.0000e+00
9.3487e-04 3.7481e-04 0.0000e+00 0.0000e+00 0.0000e+00
9.3432e-04 3.7216e-04 0.0000e+00 0.0000e+00 0.0000e+00
9.3378e-04 3.6958e-04 0.0000e+00 0.0000e+00 0.0000e+00
9.3326e-04 3.6708e-04 0.0000e+00 0.0000e+00 0.0000e+00
9.3275e-04 3.6464e-04 0.0000e+00 0.0000e+00 0.0000e+00
9.3226e-04 3.6227e-04 0.0000e+00 0.0000e+00 0.0000e+00
9.3178e-04 3.5996e-04 0.0000e+00 0.0000e+00 0.0000e+00
9.3132e-04 3.5771e-04 0.0000e+00 0.0000e+00 0.0000e+00
9.3086e-04 3.5552e-04 0.0000e+00 0.0000e+00 0.0000e+00
9.3042e-04 3.5339e-04 0.0000e+00 0.0000e+00 0.0000e+00
9.3000e-04 3.5132e-04 0.0000e+00 0.0000e+00 0.0000e+00
9.2958e-04 3.4930e-04 0.0000e+00 0.0000e+00 0.0000e+00
9.2917e-04 3.4733e-04 0.0000e+00 0.0000e+00 0.0000e+00
9.2878e-04 3.4541e-04 0.0000e+00 0.0000e+00 0.0000e+00
9.2839e-04 3.4354e-04 0.0000e+00 0.0000e+00 0.0000e+00
9.2802e-04 3.4172e-04 0.0000e+00 0.0000e+00 0.0000e+00
9.2766e-04 3.3994e-04 0.0000e+00 0.0000e+00 0.0000e+00
9.2730e-04 3.3821e-04 0.0000e+00 0.0000e+00 0.0000e+00
9.2696e-04 3.3653e-04 0.0000e+00 0.0000e+00 0.0000e+00
9.2662e-04 3.3488e-04 0.0000e+00 0.0000e+00 0.0000e+00
9.2629e-04 3.3327e-04 0.0000e+00 0.0000e+00 0.0000e+00
9.2597e-04 3.3171e-04 0.0000e+00 0.0000e+00 0.0000e+00
9.2566e-04 3.3018e-04 0.0000e+00 0.0000e+00 0.0000e+00
9.2535e-04 3.2869e-04 0.0000e+00 0.0000e+00 0.0000e+00
9.2506e-04 3.2723e-04 0.0000e+00 0.0000e+00 0.0000e+00
9.2477e-04 3.2581e-04 0.0000e+00 0.0000e+00 0.0000e+00
9.2449e-04 3.2443e-04 0.0000e+00 0.0000e+00 0.0000e+00
9.2421e-04 3.2307e-04 0.0000e+00 0.0000e+00 0.0000e+00
9.2394e-04 3.2175e-04 0.0000e+00 0.0000e+00 0.0000e+00
9.2368e-04 3.2046e-04 0.0000e+00 0.0000e+00 0.0000e+00
9.2342e-04 3.1920e-04 0.0000e+00 0.0000e+00 0.0000e+00
9.2317e-04 3.1797e-04 0.0000e+00 0.0000e+00 0.0000e+00
9.2293e-04 3.1677e-04 0.0000e+00 0.0000e+00 0.0000e+00
9.2269e-04 3.1559e-04 0.0000e+00 0.0000e+00 0.0000e+00
9.2246e-04 3.1445e-04 0.0000e+00 0.0000e+00 0.0000e+00
9.2223e-04 3.1333e-04 0.0000e+00 0.0000e+00 0.0000e+00
9.2201e-04 3.1223e-04 0.0000e+00 0.0000e+00 0.0000e+00
9.2179e-04 3.1116e-04 0.0000e+00 0.0000e+00 0.0000e+00
9.2158e-04 3.1011e-04 0.0000e+00 0.0000e+00 0.0000e+00
9.2137e-04 3.0909e-04 0.0000e+00 0.0000e+00 0.0000e+00
9.2117e-04 3.0808e-04 0.0000e+00 0.0000e+00 0.0000e+00
9.2097e-04 3.0711e-04 0.0000e+00 0.0000e+00 0.0000e+00
9.2078e-04 3.0615e-04 0.0000e+00 0.0000e+00 0.0000e+00
9.2059e-04 3.0521e-04 0.0000e+00 0.0000e+00 0.0000e+00
9.2041e-04 3.0430e-04 0.0000e+00 0.0000e+00 0.0000e+00
9.2023e-04 3.0340e-04 0.0000e+00 0.0000e+00 0.0000e+00
9.2005e-04 3.0252e-04 0.0000e+00 0.0000e+00 0.0000e+00
9.1988e-04 3.0166e-04 0.0000e+00 0.0000e+00 0.0000e+00
9.1971e-04 3.0082e-04 0.0000e+00 0.0000e+00 0.0000e+00
9.1954e-04 3.0000e-04 0.0000e+00 0.0000e+00 0.0000e+00
9.1938e-04 2.9920e-04 0.0000e+00 0.0000e+00 0.0000e+00
9.1922e-04 2.9841e-04 0.0000e+00 0.0000e+00 0.0000e+00
9.1907e-04 2.9764e-04 0.0000e+00 0.0000e+00 0.0000e+00
9.1891e-04 2.9689e-04 0.0000e+00 0.0000e+00 0.0000e+00
9.1877e-04 2.9615e-04 0.0000e+00 0.0000e+00 0.0000e+00
9.1862e-04 2.9542e-04 0.0000e+00 0.0000e+00 0.0000e+00
9.1848e-04 2.9471e-04 0.0000e+00 0.0000e+00 0.0000e+00
9.1834e-04 2.9402e-04 0.0000e+00 0.0000e+00 0.0000e+00
9.1820e-04 2.9334e-04 0.0000e+00 0.0000e+00 0.0000e+00
9.1807e-04 2.9267e-04 0.0000e+00 0.0000e+00 0.0000e+00
9.1794e-04 2.9202e-04 0.0000e+00 0.0000e+00 0.0000e+00
9.1781e-04 2.9138e-04 0.0000e+00 0.0000e+00 0.0000e+00
9.1768e-04 2.9076e-04 0.0000e+00 0.0000e+00 0.0000e+00
9.1756e-04 2.9014e-04 0.0000e+00 0.0000e+00 0.0000e+00
9.1744e-04 2.8954e-04 0.0000e+00 0.0000e+00 0.0000e+00
9.1732e-04 2.8895e-04 0.0000e+00 0.0000e+00 0.0000e+00
9.1721e-04 2.8837e-04 0.0000e+00 0.0000e+00 0.0000e+00
9.1709e-04 2.8781e-04 0.0000e+00 0.0000e+00 0.0000e+00
9.1698e-04 2.8725e-04 0.0000e+00 0.0000e+00 0.0000e+00
9.1687e-04 2.8671e-04 0.0000e+00 0.0000e+00 0.0000e+00
9.1677e-04 2.8617e-04 0.0000e+00 0.0000e+00 0.0000e+00
9.1666e-04 2.8565e-04 0.0000e+00 0.0000e+00 0.0000e+00
