2
5
6
11
13
17
19
23
26
27
31
34
39
40
44
48
49
53
56
58
62
64
68
70
74
79
80
83
87
88
92
97
98
101
105
107
110
115
116
119
122
1
3
7
10
13
18
20
21
27
29
32
33
39
40
43
47
50
52
55
60
61
64
68
72
75
78
80
84
87
91
91
97
97
101
106
106
112
113
117
120
123
1
3
6
10
12
15
18
22
25
28
30
35
37
41
43
46
51
53
57
58
63
65
69
72
73
77
80
83
85
91
92
94
99
103
105
107
112
115
118
119
122
0
3
8
9
13
17
18
21
24
28
32
34
38
42
43
46
48
54
55
58
62
65
68
72
74
78
80
83
86
89
93
94
99
101
104
108
110
113
116
121
124
2
6
8
10
14
17
20
21
25
29
32
36
38
41
44
48
50
53
57
60
61
65
68
70
73
76
82
82
86
90
92
97
99
102
104
107
110
114
116
119
123
0
4
6
9
12
18
19
22
26
30
32
33
37
40
43
46
49
54
56
60
63
65
68
71
74
76
80
84
86
90
93
95
98
101
104
108
111
113
116
119
122
