 0.2700000000000000E+03  0.2700000000000000E+03  0.2700000000000000E+03  0.2689391251797220E+03  0.2678188978702310E+03  0.2730346909077630E+03  0.2727888238485750E+03  0.2712644016272080E+03  0.2708573200770530E+03  0.2706335120736610E+03
 0.5000000000000000E+02  0.1500000000000000E+03  0.2500000000000000E+03  0.2690815661845614E+03  0.2678337813718548E+03  0.2721669205304125E+03  0.2716447206722476E+03  0.2713823868867379E+03  0.2710221862457768E+03  0.2708773567372230E+03
 0.4034186539573354E+02  0.1500000000000000E+03  0.2457248218306300E+03  0.2689719215688270E+03  0.2678398062467419E+03  0.2688459366481354E+03  0.2678353266127440E+03  0.2713552185992338E+03  0.2711744419988004E+03  0.2710297359059051E+03
 0.3743085676076936E+02  0.1500000000000000E+03  0.2413073645462833E+03  0.2685894323655313E+03  0.2678083251317917E+03  0.2640298313925215E+03  0.2629078218267339E+03  0.2709519640574149E+03  0.2711870505791974E+03  0.2710904689740709E+03
 0.3527796518364725E+02  0.1415187504991110E+03  0.2365778580136909E+03  0.2678693655358176E+03  0.2677265311289380E+03  0.2586865593522641E+03  0.2578604110031403E+03  0.2701201314837276E+03  0.2709848811164861E+03  0.2710269507009068E+03
 0.3377848771062531E+02  0.1349651403519797E+03  0.2313791793285668E+03  0.2668034705693095E+03  0.2675871739665227E+03  0.2532805094135863E+03  0.2530022838350022E+03  0.2689331973683830E+03  0.2705460429743587E+03  0.2708205311642936E+03
 0.3264850653475038E+02  0.1289585866626348E+03  0.2258809836347619E+03  0.2654422424227716E+03  0.2673929160020486E+03  0.2480353928211290E+03  0.2484215158521398E+03  0.2674911500733853E+03  0.2698901690843252E+03  0.2704738093367858E+03
 0.3175224601516964E+02  0.1236916865395914E+03  0.2204815450151019E+03  0.2638629203496464E+03  0.2671537931617927E+03  0.2430605866579000E+03  0.2441406371769424E+03  0.2658803100737632E+03  0.2690552947832696E+03  0.2700036875779709E+03
 0.3101754979573020E+02  0.1191080562581000E+03  0.2153677913562378E+03  0.2621458298053562E+03  0.2668827961652936E+03  0.2384039496028446E+03  0.2401582871118386E+03  0.2641670494264339E+03  0.2680829621678037E+03  0.2694334028636260E+03
 0.3040150581098347E+02  0.1151122234120951E+03  0.2106126033769513E+03  0.2603602512529066E+03  0.2665925784040717E+03  0.2340788039807962E+03  0.2364625652230516E+03  0.2624008258824663E+03  0.2670116283327511E+03  0.2687872618957599E+03
 0.2987636327781238E+02  0.1116130907404037E+03  0.2062339833038657E+03  0.2585598441033076E+03  0.2662937472565353E+03  0.2300792089339576E+03  0.2330366033906748E+03  0.2606182244787988E+03  0.2658744583867899E+03  0.2680878419205879E+03
 0.2942301166789089E+02  0.1085332960737187E+03  0.2022236683563519E+03  0.2567833954875177E+03  0.2659944099328826E+03  0.2263889291348213E+03  0.2298614364593205E+03  0.2588462052255076E+03  0.2646989780309864E+03  0.2673547612554319E+03
 0.2892673797633088E+02  0.1058019633939209E+03  0.1985612231978926E+03  0.2550574607759205E+03  0.2657003760906454E+03  0.2229866664188186E+03  0.2269175123761809E+03  0.2571044779518727E+03  0.2635074408900010E+03  0.2666043342035552E+03
 0.2844320271812169E+02  0.1033502979149857E+03  0.1952203938323917E+03  0.2533992324883151E+03  0.2654155890718656E+03  0.2198484832387500E+03  0.2241847910074344E+03  0.2554072062531853E+03  0.2623174445460211E+03  0.2658496955235473E+03
 0.2800919796819706E+02  0.1011440877253714E+03  0.1921725922628809E+03  0.2518189660789491E+03  0.2651425652159969E+03  0.2169502088336299E+03  0.2216442551394638E+03  0.2537642160195443E+03  0.2611425831354289E+03  0.2651011072794764E+03
 0.2761972009725898E+02  0.9915688245738285E+02  0.1893905485184481E+03  0.2503219069172805E+03  0.2648827672285316E+03  0.2142694562257809E+03  0.2192791505982972E+03  0.2521819938847997E+03  0.2599930805188204E+03  0.2643663665030309E+03
 0.2726907625521674E+02  0.9736411460196682E+02  0.1868495388708398E+03  0.2489098095644999E+03  0.2646369018437568E+03  0.2117858999715371E+03  0.2170745661378785E+03  0.2506645413543426E+03  0.2588764022252300E+03  0.2636512157240694E+03
 0.2695221897877677E+02  0.9574374780212621E+02  0.1845272289852115E+03  0.2475820915388250E+03  0.2644051530751000E+03  0.2094812054931821E+03  0.2150170868417227E+03  0.2492140094063144E+03  0.2577978050779911E+03  0.2629597340753579E+03
 0.2666484300610239E+02  0.9427638585925011E+02  0.1824033827408851E+03  0.2463366529997864E+03  0.2641873559087819E+03  0.2073389273980696E+03  0.2130946215118870E+03  0.2478311566085649E+03  0.2567607987924628E+03  0.2622946795048664E+03
 0.2640330579912946E+02  0.9294506574847728E+02  0.1804596456997433E+03  0.2451704382304214E+03  0.2639831191786348E+03  0.2053443763013643E+03  0.2112962764000950E+03  0.2465156937361838E+03  0.2557675221126106E+03  0.2616577746434803E+03
 0.2616452413317814E+02  0.9173496767987743E+02  0.1786793776801722E+03  0.2440798174794964E+03  0.2637919101250852E+03  0.2034844640632245E+03  0.2096122384664493E+03  0.2452665514835677E+03  0.2548190470782171E+03  0.2610499399423830E+03
 0.2594587906244288E+02  0.9063312811594842E+02  0.1770475075669893E+03  0.2430608478350364E+03  0.2636131122004074E+03  0.2017475414248412E+03  0.2080336636622522E+03  0.2440820907669316E+03  0.2539156245140274E+03  0.2604714813782297E+03
 0.2574513559152198E+02  0.8962818251553281E+02  0.1755503990998594E+03  0.2421094522978279E+03  0.2634460646841215E+03  0.2001232384740796E+03  0.2065525719452334E+03  0.2429602679169559E+03  0.2530568813978128E+03  0.2599222403863390E+03
 0.2556037665435237E+02  0.8871014312135000E+02  0.1741757243683729E+03  0.2412215426264123E+03  0.2632900899007626E+03  0.1986023143761341E+03  0.2051617507804728E+03  0.2418987638476135E+03  0.2522419787971405E+03  0.2594017129237215E+03
 0.2538994935558158E+02  0.8787020970976441E+02  0.1729123446685600E+03  0.2403931028727980E+03  0.2631445118709245E+03  0.1971765197956901E+03  0.2038546679753374E+03  0.2408950844061230E+03  0.2514697375815601E+03  0.2589091435348546E+03
 0.2523242127019284E+02  0.8710060908155957E+02  0.1717501991238997E+03  0.2396202450750143E+03  0.2630086689536901E+03  0.1958384734056611E+03  0.2026253939328975E+03  0.2399466377285885E+03  0.2507387379118789E+03  0.2584435992888082E+03
 0.2508654485730785E+02  0.8639445887057063E+02  0.1706802014430288E+03  0.2388992450638282E+03  0.2628819222247204E+03  0.1945815525894665E+03  0.2014685329187668E+03  0.2390507933142413E+03  0.2500473974845102E+03  0.2580040275695591E+03
 0.2495122838445466E+02  0.8574565169699042E+02  0.1696941449462168E+03  0.2382265640152622E+03  0.2627636608055404E+03  0.1933997976780734E+03  0.2003791626656505E+03  0.2382049266178561E+03  0.2493940326340222E+03  0.2575893009516061E+03
 0.2482551207402293E+02  0.8514875629770455E+02  0.1687846157486618E+03  0.2375988597939330E+03  0.2626533050068296E+03  0.1922878286492635E+03  0.1993527815168364E+03  0.2374064522117733E+03  0.2487769056564318E+03  0.2571982517729886E+03
 0.2470854844763765E+02  0.8459893284597823E+02  0.1679449138006358E+03  0.2370129910237783E+03  0.2625503079068520E+03  0.1912407730319031E+03  0.1983852622794638E+03  0.2366528479602736E+03  0.2481942610958331E+03  0.2568296985108509E+03
 0.2459958605643077E+02  0.8409186017185765E+02  0.1671689813589533E+03  0.2364660160328038E+03  0.2624541558166651E+03  0.1902542037168223E+03  0.1974728119829658E+03  0.2359416721568868E+03  0.2476443532229747E+03  0.2564824656531093E+03
 0.2449795595295061E+02  0.8362367300571802E+02  0.1664513383910755E+03  0.2359551882479710E+03  0.2623643679627124E+03  0.1893240854202290E+03  0.1966119367929492E+03  0.2352705751789126E+03  0.2471254665112180E+03  0.2561553984265626E+03
 0.2440306039223576E+02  0.8319090770004995E+02  0.1657870243792757E+03  0.2354779491991527E+03  0.2622804956297161E+03  0.1884467286369573E+03  0.1957994114002296E+03  0.2346373068952898E+03  0.2466359305686594E+03  0.2558473734727790E+03
 0.2431436335297283E+02  0.8279045515237934E+02  0.1651715459860617E+03  0.2350319199839774E+03  0.2622021209425989E+03  0.1876187500345076E+03  0.1950322522790246E+03  0.2340397208089842E+03  0.2461741307022463E+03  0.2555573063459856E+03
 0.2423138255093523E+02  0.8241951986806690E+02  0.1646008300543756E+03  0.2346148918176690E+03  0.2621288554188022E+03  0.1868370383592412E+03  0.1943076942815590E+03  0.2334757757110947E+03  0.2457385150594750E+03  0.2552841565322564E+03
 0.2415368268095340E+02  0.8207558427647857E+02  0.1640711814401978E+03  0.2342248161224420E+03  0.2620603383872145E+03  0.1860987250439643E+03  0.1936231701052284E+03  0.2329435354607816E+03  0.2453275991062499E+03  0.2550269305483521E+03
 0.2408086967436484E+02  0.8175637755632829E+02  0.1635792452062362E+03  0.2338597944846146E+03  0.2619962353437225E+03  0.1854011588162888E+03  0.1929762922313695E+03  0.2324411673749053E+03  0.2449399680479474E+03  0.2547846835651197E+03
