 0.5000000000000000E+02 
 0.5000000000000000E+02 
 0.5000000000000000E+02 
 0.5000000000000000E+02 
 0.5000000000000000E+02 
 0.5000000000000000E+02 
 0.5000000000000000E+02 
 0.5000000000000000E+02 
 0.5000000000000000E+02 
 0.5000000000000000E+02 
 0.5000000000000000E+02 
 0.5000000000000000E+02 
 0.5000000000000000E+02 
 0.5000000000000000E+02 
 0.5000000000000000E+02 
 0.5000000000000000E+02 
 0.5000000000000000E+02 
 0.5000000000000000E+02 
 0.5000000000000000E+02 
 0.5000000000000000E+02 
 0.5000000000000000E+02 
 0.5000000000000000E+02 
 0.5000000000000000E+02 
 0.5000000000000000E+02 
 0.5000000000000000E+02 
 0.5000000000000000E+02 
 0.5000000000000000E+02 
 0.5000000000000000E+02 
 0.5000000000000000E+02 
 0.5000000000000000E+02 
 0.5000000000000000E+02 
 0.5000000000000000E+02 
 0.5000000000000000E+02 
 0.5000000000000000E+02 
 0.5000000000000000E+02 
 0.5000000000000000E+02 
 0.5000000000000000E+02 
 0.5000000000000000E+02 
 0.5000000000000000E+02 
 0.5000000000000000E+02 
 0.5000000000000000E+02 
 0.5000000000000000E+02 
 0.5000000000000000E+02 
 0.5000000000000000E+02 
 0.5000000000000000E+02 
 0.5000000000000000E+02 
 0.5000000000000000E+02 
 0.5000000000000000E+02 
 0.5000000000000000E+02 
 0.5000000000000000E+02 
 0.5000000000000000E+02 
 0.5000000000000000E+02 
 0.5000000000000000E+02 
 0.5000000000000000E+02 
 0.5000000000000000E+02 
 0.5000000000000000E+02 
 0.5000000000000000E+02 
 0.5000000000000000E+02 
 0.5000000000000000E+02 
 0.5000000000000000E+02 
 0.5000000000000000E+02 
 0.5000000000000000E+02 
 0.5000000000000000E+02 
 0.5000000000000000E+02 
 0.5000000000000000E+02 
 0.5000000000000000E+02 
 0.5000000000000000E+02 
 0.5000000000000000E+02 
 0.5000000000000000E+02 
 0.5000000000000000E+02 
 0.5000000000000000E+02 
 0.5000000000000000E+02 
 0.5000000000000000E+02 
 0.5000000000000000E+02 
 0.5000000000000000E+02 
 0.5000000000000000E+02 
 0.5000000000000000E+02 
 0.5000000000000000E+02 
 0.5000000000000000E+02 
 0.5000000000000000E+02 
 0.5000000000000000E+02 
 0.5000000000000000E+02 
 0.5000000000000000E+02 
 0.5000000000000000E+02 
 0.5000000000000000E+02 
 0.5000000000000000E+02 
 0.5000000000000000E+02 
 0.5000000000000000E+02 
 0.5000000000000000E+02 
 0.5000000000000000E+02 
 0.5000000000000000E+02 
 0.5000000000000000E+02 
 0.5000000000000000E+02 
 0.5000000000000000E+02 
 0.5000000000000000E+02 
 0.5000000000000000E+02 
 0.5000000000000000E+02 
 0.5000000000000000E+02 
 0.5000000000000000E+02 
 0.5000000000000000E+02 
 0.5000000000000000E+02 
 0.5000000000000000E+02 
 0.5000000000000000E+02 
 0.5000000000000000E+02 
 0.5000000000000000E+02 
 0.5000000000000000E+02 
 0.5000000000000000E+02 
 0.5000000000000000E+02 
 0.5000000000000000E+02 
 0.5000000000000000E+02 
 0.5000000000000000E+02 
 0.5000000000000000E+02 
 0.5000000000000000E+02 
 0.5000000000000000E+02 
 0.5000000000000000E+02 
 0.5000000000000000E+02 
 0.5000000000000000E+02 
 0.5000000000000000E+02 
 0.5000000000000000E+02 
 0.5000000000000000E+02 
 0.5000000000000000E+02 
 0.5000000000000000E+02 
 0.5000000000000000E+02 
 0.5000000000000000E+02 
 0.5000000000000000E+02 
 0.5000000000000000E+02 
 0.5000000000000000E+02 
 0.5000000000000000E+02 
 0.5000000000000000E+02 
 0.5000000000000000E+02 
 0.5000000000000000E+02 
 0.5000000000000000E+02 
 0.5000000000000000E+02 
 0.5000000000000000E+02 
 0.5000000000000000E+02 
 0.5000000000000000E+02 
 0.5000000000000000E+02 
 0.5000000000000000E+02 
 0.5000000000000000E+02 
 0.5000000000000000E+02 
 0.5000000000000000E+02 
 0.5000000000000000E+02 
 0.5000000000000000E+02 
 0.5000000000000000E+02 
 0.1500000000000000E+03 
 0.1500000000000000E+03 
 0.1443615696231556E+03 
 0.1427555794235957E+03 
 0.1408740176409358E+03 
 0.1397798077288201E+03 
 0.1385861249081336E+03 
 0.1375771571079894E+03 
 0.1367330997922660E+03 
 0.1360166408043769E+03 
 0.1354005395024488E+03 
 0.1348650578363950E+03 
 0.1343954505960392E+03 
 0.1339804164759133E+03 
 0.1336111121043335E+03 
 0.1332796629069701E+03 
 0.1329804749223029E+03 
 0.1327061875983483E+03 
 0.1324490842320440E+03 
 0.1322079188699403E+03 
 0.1319816757721218E+03 
 0.1317691561682293E+03 
 0.1315691826865103E+03 
 0.1313806712531710E+03 
 0.1312026435888735E+03 
 0.1310342231695181E+03 
 0.1308746266443628E+03 
 0.1307231542023821E+03 
 0.1305791801284815E+03 
 0.1304421440469069E+03 
 0.1303115430349451E+03 
 0.1301869246390850E+03 
 0.1300678807520970E+03 
 0.1299540422762409E+03 
 0.1298450744863300E+03 
 0.1297406730063166E+03 
 0.1296405603186901E+03 
 0.1295444827339797E+03 
 0.1294522077563383E+03 
 0.1293635217895981E+03 
 0.1292782281358958E+03 
 0.1291961452458293E+03 
 0.1291171051850842E+03 
 0.1290409522876249E+03 
 0.1289675419699319E+03 
 0.1288967396845393E+03 
 0.1288284199942725E+03 
 0.1287624657513158E+03 
 0.1286987673674952E+03 
 0.1286372221641211E+03 
 0.1285777337913550E+03 
 0.1285202117084855E+03 
 0.1284645707176611E+03 
 0.1284104295070847E+03 
 0.1283580672975021E+03 
 0.1283074282470739E+03 
 0.1282584234830802E+03 
 0.1282109733616956E+03 
 0.1281650078169131E+03 
 0.1281204635340419E+03 
 0.1280772821073681E+03 
 0.1280354089916121E+03 
 0.1279947928792459E+03 
 0.1279553852967796E+03 
 0.1279171403176175E+03 
 0.1278800143410458E+03 
 0.1278439659117595E+03 
 0.1278089555662981E+03 
 0.1277749456987470E+03 
 0.1277419004411367E+03 
 0.1277097855556068E+03 
 0.1276785683363639E+03 
 0.1276482175199860E+03 
 0.1276187032029915E+03 
 0.1275899967658098E+03 
 0.1275620708024450E+03 
 0.1275348990552434E+03 
 0.1275084563542651E+03 
 0.1274827185608237E+03 
 0.1274576625148087E+03 
 0.1274332659854679E+03 
 0.1274095076253442E+03 
 0.1273863669271089E+03 
 0.1273638241830596E+03 
 0.1273418604470602E+03 
 0.1273204574987509E+03 
 0.1272995978098392E+03 
 0.1272792645123338E+03 
 0.1272594413685692E+03 
 0.1272401127428960E+03 
 0.1272212635749291E+03 
 0.1272028793542347E+03 
 0.1271849460963684E+03 
 0.1271674503201749E+03 
 0.1271503790262628E+03 
 0.1271337196765837E+03 
 0.1271174601750465E+03 
 0.1271015888490992E+03 
 0.1270860944322266E+03 
 0.1270709660473004E+03 
 0.1270561931907385E+03 
 0.1270417657174241E+03 
 0.1270276738263402E+03 
 0.1270139080468789E+03 
 0.1270004592257892E+03 
 0.1269873185147287E+03 
 0.1269744773583829E+03 
 0.1269619274831261E+03 
 0.1269496608861909E+03 
 0.1269376698253208E+03 
 0.1269259468088841E+03 
 0.1269144845864181E+03 
 0.1269032761395901E+03 
 0.1268923146735459E+03 
 0.1268815936086348E+03 
 0.1268711065724827E+03 
 0.1268608473924058E+03 
 0.1268508100881423E+03 
 0.1268409888648870E+03 
 0.1268313781066170E+03 
 0.1268219723696939E+03 
 0.1268127663767263E+03 
 0.1268037550106850E+03 
 0.1267949333092551E+03 
 0.1267862964594169E+03 
 0.1267778397922450E+03 
 0.1267695587779132E+03 
 0.1267614490208959E+03 
 0.1267535062553616E+03 
 0.1267457263407478E+03 
 0.1267381052575027E+03 
 0.1267306391029991E+03 
 0.1267233240875999E+03 
 0.1267161565308793E+03 
 0.1267091328579834E+03 
 0.1267022495961336E+03 
 0.1266955033712603E+03 
 0.1266888909047603E+03 
 0.1266824090103812E+03 
 0.1266760545912164E+03 
 0.1266698246368137E+03 
 0.1266637162203908E+03 
 0.1266577264961517E+03 
 0.1266518526967016E+03 
 0.2500000000000000E+03 
 0.2500000000000000E+03 
 0.2367666957364754E+03 
 0.2348586512370819E+03 
 0.2271360111213920E+03 
 0.2243725232767011E+03 
 0.2209952224768175E+03 
 0.2190285032949775E+03 
 0.2176391084612882E+03 
 0.2165806275686019E+03 
 0.2157360745906061E+03 
 0.2150399056167940E+03 
 0.2144519520678965E+03 
 0.2139459860447714E+03 
 0.2135040266131749E+03 
 0.2131117283617376E+03 
 0.2127596607148016E+03 
 0.2123732820251448E+03 
 0.2118802133365309E+03 
 0.2113364981438680E+03 
 0.2107672029967851E+03 
 0.2101868425857073E+03 
 0.2096046576559775E+03 
 0.2090267637562922E+03 
 0.2084572693629722E+03 
 0.2078989318031016E+03 
 0.2073535711020662E+03 
 0.2068223442165392E+03 
 0.2063059331822507E+03 
 0.2058046775284414E+03 
 0.2053186692543213E+03 
 0.2048478219281506E+03 
 0.2043919214912214E+03 
 0.2039506638929155E+03 
 0.2035236831090354E+03 
 0.2031105720563764E+03 
 0.2027108982117798E+03 
 0.2023242152555023E+03 
 0.2019500717137075E+03 
 0.2015880173268858E+03 
 0.2012376076907641E+03 
 0.2008984075830526E+03 
 0.2005699932905347E+03 
 0.2002519541766108E+03 
 0.1999438936734242E+03 
 0.1996454298398009E+03 
 0.1993561955935919E+03 
 0.1990758387023781E+03 
 0.1988040215966696E+03 
 0.1985404210551489E+03 
 0.1982847278001380E+03 
 0.1980366460322645E+03 
 0.1977958929264873E+03 
 0.1975619295428345E+03 
 0.1973346468061609E+03 
 0.1971138941714760E+03 
 0.1968994690403284E+03 
 0.1966911623565402E+03 
 0.1964887657497901E+03 
 0.1962920750852369E+03 
 0.1961008923267345E+03 
 0.1959150264145945E+03 
 0.1957342935921767E+03 
 0.1955585174311045E+03 
 0.1953875286934988E+03 
 0.1952211651081417E+03 
 0.1950592711034171E+03 
 0.1949016975216001E+03 
 0.1947483013285153E+03 
 0.1945989453267010E+03 
 0.1944534978768392E+03 
 0.1943118326298921E+03 
 0.1941738282713729E+03 
 0.1940393682782039E+03 
 0.1939083406882538E+03 
 0.1937806378822428E+03 
 0.1936561563776118E+03 
 0.1935347966338175E+03 
 0.1934164628685170E+03 
 0.1933010628838711E+03 
 0.1931885079026047E+03 
 0.1930787124130884E+03 
 0.1929715940228546E+03 
 0.1928670733201540E+03 
 0.1927650737429146E+03 
 0.1926655214547276E+03 
 0.1925683452273609E+03 
 0.1924734763294034E+03 
 0.1923808484207053E+03 
 0.1922903974521586E+03 
 0.1922020615705929E+03 
 0.1921157810284205E+03 
 0.1920314980977481E+03 
 0.1919491569887350E+03 
 0.1918687037718245E+03 
 0.1917900863038181E+03 
 0.1917132541574092E+03 
 0.1916381585540167E+03 
 0.1915647522997917E+03 
 0.1914929897245787E+03 
 0.1914228266235897E+03 
 0.1913542202018897E+03 
 0.1912871290212047E+03 
 0.1912215129491828E+03 
 0.1911573331109098E+03 
 0.1910945518424976E+03 
 0.1910331326467295E+03 
 0.1909730401506090E+03 
 0.1909142400647224E+03 
 0.1908566991442880E+03 
 0.1908003851519375E+03 
 0.1907452668219327E+03 
 0.1906913138259538E+03 
 0.1906384967402912E+03 
 0.1905867870143237E+03 
 0.1905361569403084E+03 
 0.1904865796244273E+03 
 0.1904380289589022E+03 
 0.1903904795952923E+03 
 0.1903439069188319E+03 
 0.1902982870237782E+03 
 0.1902535966896500E+03 
 0.1902098133585194E+03 
 0.1901669151130544E+03 
 0.1901248806554518E+03 
 0.1900836892872019E+03 
 0.1900433208895556E+03 
 0.1900037559047548E+03 
 0.1899649753179542E+03 
 0.1899269606398724E+03 
 0.1898896938899604E+03 
 0.1898531575803248E+03 
 0.1898173347001039E+03 
 0.1897822087005550E+03 
 0.1897477634805419E+03 
 0.1897139833726420E+03 
 0.1896808531296849E+03 
 0.1896483579118010E+03 
 0.1896164832739501E+03 
 0.1895852151538210E+03 
 0.1895545398601960E+03 
 0.1895244440617425E+03 
 0.1894949147761452E+03 
 0.1894659393596122E+03 
 0.2685306692102454E+03 
 0.2673533260819680E+03 
 0.2658092556098756E+03 
 0.2641827561110692E+03 
 0.2625456947805822E+03 
 0.2609630716511173E+03 
 0.2594745228396176E+03 
 0.2581136936086476E+03 
 0.2569037664489679E+03 
 0.2558479852860016E+03 
 0.2549332020516395E+03 
 0.2541386066225805E+03 
 0.2534424315589773E+03 
 0.2528253291551906E+03 
 0.2522714562650641E+03 
 0.2517683642432586E+03 
 0.2513064912997209E+03 
 0.2508768490045319E+03 
 0.2504690409907152E+03 
 0.2500738194079718E+03 
 0.2496851458151702E+03 
 0.2493001288196659E+03 
 0.2489180163996251E+03 
 0.2485392145625868E+03 
 0.2481646219994424E+03 
 0.2477952516943691E+03 
 0.2474320428096733E+03 
 0.2470757825091613E+03 
 0.2467270859010953E+03 
 0.2463864040809103E+03 
 0.2460540439429153E+03 
 0.2457301913394431E+03 
 0.2454149335311027E+03 
 0.2451082791989544E+03 
 0.2448101754834746E+03 
 0.2445205220936026E+03 
 0.2442391827807533E+03 
 0.2439659945560560E+03 
 0.2437007750302590E+03 
 0.2434433282204143E+03 
 0.2431934491193462E+03 
 0.2429509272746502E+03 
 0.2427155495789380E+03 
 0.2424871024341029E+03 
 0.2422653734198632E+03 
 0.2420501525702523E+03 
 0.2418412333402707E+03 
 0.2416384133277751E+03 
 0.2414414948020682E+03 
 0.2412502850798865E+03 
 0.2410645967809758E+03 
 0.2408842479887552E+03 
 0.2407090623362863E+03 
 0.2405389198549669E+03 
 0.2403735572079783E+03 
 0.2402128037926911E+03 
 0.2400565152687957E+03 
 0.2399045574051482E+03 
 0.2397567998345346E+03 
 0.2396131143632072E+03 
 0.2394733748984492E+03 
 0.2393374578130319E+03 
 0.2392052423453427E+03 
 0.2390766109175078E+03 
 0.2389514493516308E+03 
 0.2388296469955341E+03 
 0.2387110967769178E+03 
 0.2385956952040991E+03 
 0.2384833423283506E+03 
 0.2383739416794445E+03 
 0.2382674001830563E+03 
 0.2381636280663582E+03 
 0.2380625387563625E+03 
 0.2379640487742887E+03 
 0.2378680776282819E+03 
 0.2377745477061273E+03 
 0.2376833841691170E+03 
 0.2375945148478709E+03 
 0.2375078701406624E+03 
 0.2374233829146132E+03 
 0.2373409884099834E+03 
 0.2372606241476976E+03 
 0.2371822298401658E+03 
 0.2371057473054153E+03 
 0.2370311203845076E+03 
 0.2369582948621895E+03 
 0.2368872183907122E+03 
 0.2368178404167279E+03 
 0.2367501121111845E+03 
 0.2366839863021119E+03 
 0.2366194174102010E+03 
 0.2365563613870763E+03 
 0.2364947756561541E+03 
 0.2364346190559911E+03 
 0.2363758517860185E+03 
 0.2363184353545643E+03 
 0.2362623325290727E+03 
 0.2362075072884185E+03 
 0.2361539247772313E+03 
 0.2361015512621496E+03 
 0.2360503540899063E+03 
 0.2360003016471741E+03 
 0.2359513633220962E+03 
 0.2359035094674199E+03 
 0.2358567113651632E+03 
 0.2358109411927510E+03 
 0.2357661719905495E+03 
 0.2357223776307418E+03 
 0.2356795327874802E+03 
 0.2356376129082601E+03 
 0.2355965941864584E+03 
 0.2355564535349903E+03 
 0.2355171685610264E+03 
 0.2354787175417305E+03 
 0.2354410794009670E+03 
 0.2354042336869359E+03 
 0.2353681605507003E+03 
 0.2353328407255556E+03 
 0.2352982555072125E+03 
 0.2352643867347561E+03 
 0.2352312167723446E+03 
 0.2351987284916174E+03 
 0.2351669052547782E+03 
 0.2351357308983315E+03 
 0.2351051897174346E+03 
 0.2350752664508472E+03 
 0.2350459462664464E+03 
 0.2350172147472862E+03 
 0.2349890578781766E+03 
 0.2349614620327643E+03 
 0.2349344139610885E+03 
 0.2349079007775941E+03 
 0.2348819099495851E+03 
 0.2348564292860969E+03 
 0.2348314469271716E+03 
 0.2348069513335182E+03 
 0.2347829312765462E+03 
 0.2347593758287518E+03 
 0.2347362743544447E+03 
 0.2347136165008053E+03 
 0.2346913921892507E+03 
 0.2346695916071061E+03 
 0.2346482051995629E+03 
 0.2346272236619162E+03 
 0.2687811237420554E+03 
 0.2687463136869347E+03 
 0.2686602623800796E+03 
 0.2685250803639653E+03 
 0.2683452577412099E+03 
 0.2681259075366833E+03 
 0.2678727210662987E+03 
 0.2675916301300493E+03 
 0.2672888565393562E+03 
 0.2669702880150928E+03 
 0.2666410499449368E+03 
 0.2663053715871481E+03 
 0.2659666548245460E+03 
 0.2656276219245671E+03 
 0.2652904604852994E+03 
 0.2649569358075584E+03 
 0.2646284714955962E+03 
 0.2643061434255716E+03 
 0.2639906326837086E+03 
 0.2636822511622227E+03 
 0.2633810811073971E+03 
 0.2630870922832430E+03 
 0.2628002119573493E+03 
 0.2625203554915927E+03 
 0.2622474354198480E+03 
 0.2619813618696027E+03 
 0.2617220408118343E+03 
 0.2614693726011250E+03 
 0.2612232513711327E+03 
 0.2609835651601668E+03 
 0.2607501964904454E+03 
 0.2605230231636468E+03 
 0.2603019191155671E+03 
 0.2600867552416797E+03 
 0.2598774001526374E+03 
 0.2596737208467695E+03 
 0.2594755833012274E+03 
 0.2592828529897326E+03 
 0.2590953953367579E+03 
 0.2589130761174819E+03 
 0.2587357618114732E+03 
 0.2585633199163496E+03 
 0.2583956192264624E+03 
 0.2582325300802470E+03 
 0.2580739245791174E+03 
 0.2579196767801579E+03 
 0.2577696628644379E+03 
 0.2576237612824862E+03 
 0.2574818528783602E+03 
 0.2573438209936682E+03 
 0.2572095515527972E+03 
 0.2570789331306759E+03 
 0.2569518570043306E+03 
 0.2568282339807764E+03 
 0.2567078371410872E+03 
 0.2565906417745620E+03 
 0.2564765744090917E+03 
 0.2563655478841201E+03 
 0.2562574729529532E+03 
 0.2561522615165809E+03 
 0.2560498275677119E+03 
 0.2559500874609965E+03 
 0.2558529599726443E+03 
 0.2557583662920261E+03 
 0.2556662299907420E+03 
 0.2555764769833628E+03 
 0.2554890354841529E+03 
 0.2554038359608531E+03 
 0.2553208110859263E+03 
 0.2552398956855227E+03 
 0.2551610266864683E+03 
 0.2550841430617075E+03 
 0.2550091857745294E+03 
 0.2549360977220626E+03 
 0.2548648236783621E+03 
 0.2547953102374420E+03 
 0.2547275057565485E+03 
 0.2546613602999210E+03 
 0.2545968255832627E+03 
 0.2545338549191198E+03 
 0.2544724031632418E+03 
 0.2544124266621354E+03 
 0.2543538832018283E+03 
 0.2542967319579593E+03 
 0.2542409334472092E+03 
 0.2541864494801388E+03 
 0.2541332431154451E+03 
 0.2540812786156153E+03 
 0.2540305214040606E+03 
 0.2539809380236298E+03 
 0.2539324960965385E+03 
 0.2538851642856954E+03 
 0.2538389122573701E+03 
 0.2537937106452236E+03 
 0.2537495310156244E+03 
 0.2537063458342375E+03 
 0.2536641284338747E+03 
 0.2536228529835007E+03 
 0.2535824944584352E+03 
 0.2535430286117041E+03 
 0.2535044319464194E+03 
 0.2534666816892618E+03 
 0.2534297557649757E+03 
 0.2533936327718256E+03 
 0.2533582919579968E+03 
 0.2533237131989256E+03 
 0.2532898769754833E+03 
 0.2532567643530155E+03 
 0.2532243569611745E+03 
 0.2531926369745465E+03 
 0.2531615870939952E+03 
 0.2531311905287613E+03 
 0.2531014309792097E+03 
 0.2530722926202657E+03 
 0.2530437600854582E+03 
 0.2530158184515856E+03 
 0.2529884532239741E+03 
 0.2529616503222564E+03 
 0.2529353960667194E+03 
 0.2529096771651616E+03 
 0.2528844807002217E+03 
 0.2528597941172024E+03 
 0.2528356052123167E+03 
 0.2528119021214174E+03 
 0.2527886733090843E+03 
 0.2527659075581588E+03 
 0.2527435939596265E+03 
 0.2527217219028865E+03 
 0.2527002810663609E+03 
 0.2526792614084601E+03 
 0.2526586531588507E+03 
 0.2526384468100349E+03 
 0.2526186331092644E+03 
 0.2525992030506835E+03 
 0.2525801478677976E+03 
 0.2525614590261653E+03 
 0.2525431282163920E+03 
 0.2525251473473134E+03 
 0.2525075085394492E+03 
 0.2524902041186789E+03 
 0.2524732266101088E+03 
 0.2524565687321790E+03 
 0.2524402233909455E+03 
 0.2524241836745690E+03 
 0.2694292149444730E+03 
 0.2694126543479207E+03 
 0.2693592741716548E+03 
 0.2692526259610599E+03 
 0.2690836976955207E+03 
 0.2688500580285676E+03 
 0.2685541810973943E+03 
 0.2682012273790957E+03 
 0.2677976250767879E+03 
 0.2673500777669578E+03 
 0.2668650481321847E+03 
 0.2663485340082460E+03 
 0.2658059868406336E+03 
 0.2652422983899436E+03 
 0.2646618212791621E+03 
 0.2640684056410571E+03 
 0.2634654419239994E+03 
 0.2628559013072585E+03 
 0.2622423807934423E+03 
 0.2616271327489631E+03 
 0.2610120937832375E+03 
 0.2603989160169458E+03 
 0.2597889986862896E+03 
 0.2591835190424015E+03 
 0.2585834614781880E+03 
 0.2579896440869915E+03 
 0.2574027422506641E+03 
 0.2568233092039624E+03 
 0.2562517937528286E+03 
 0.2556885554407376E+03 
 0.2551338774935116E+03 
 0.2545879778627212E+03 
 0.2540510186555932E+03 
 0.2535231142001132E+03 
 0.2530043379555806E+03 
 0.2524947284446087E+03 
 0.2519942943534751E+03 
 0.2515030189235950E+03 
 0.2510208637370896E+03 
 0.2505477719831998E+03 
 0.2500836712789503E+03 
 0.2496284761064418E+03 
 0.2491820899199559E+03 
 0.2487444069683568E+03 
 0.2483153138717674E+03 
 0.2478946909859870E+03 
 0.2474824135834233E+03 
 0.2470783528752999E+03 
 0.2466823768964642E+03 
 0.2462943512711762E+03 
 0.2459141398757322E+03 
 0.2455416054115980E+03 
 0.2451766099008626E+03 
 0.2448192106670402E+03 
 0.2444691682556422E+03 
 0.2441263124804665E+03 
 0.2437904796557557E+03 
 0.2434615165645421E+03 
 0.2431392777161112E+03 
 0.2428236227561178E+03 
 0.2425144149389353E+03 
 0.2422115203529540E+03 
 0.2419148075703535E+03 
 0.2416241475083810E+03 
 0.2413394133842305E+03 
 0.2410604807044649E+03 
 0.2407872272621951E+03 
 0.2405195331315128E+03 
 0.2402572806562252E+03 
 0.2400003544330407E+03 
 0.2397486412903700E+03 
 0.2395020302640156E+03 
 0.2392604125708100E+03 
 0.2390236815809718E+03 
 0.2387917327897032E+03 
 0.2385644637883514E+03 
 0.2383417742353214E+03 
 0.2381235658268429E+03 
 0.2379097422676373E+03 
 0.2377002092414987E+03 
 0.2374948743817926E+03 
 0.2372936472418684E+03 
 0.2370964392653856E+03 
 0.2369031637565518E+03 
 0.2367137358502842E+03 
 0.2365280724823009E+03 
 0.2363460923591617E+03 
 0.2361677159282771E+03 
 0.2359928653479078E+03 
 0.2358214644571816E+03 
 0.2356534387461534E+03 
 0.2354887153259354E+03 
 0.2353272228989259E+03 
 0.2351688917291629E+03 
 0.2350136536128317E+03 
 0.2348614418489493E+03 
 0.2347121912102522E+03 
 0.2345658379143108E+03 
 0.2344223195948928E+03 
 0.2342815752735939E+03 
 0.2341435453317570E+03 
 0.2340081714826985E+03 
 0.2338753967442528E+03 
 0.2337451654116531E+03 
 0.2336174230307612E+03 
 0.2334921163716567E+03 
 0.2333691934025976E+03 
 0.2332486032643567E+03 
 0.2331302962449466E+03 
 0.2330142237547395E+03 
 0.2329003383019816E+03 
 0.2327885934687122E+03 
 0.2326789438870897E+03 
 0.2325713452161249E+03 
 0.2324657541188267E+03 
 0.2323621282397568E+03 
 0.2322604261829990E+03 
 0.2321606074905359E+03 
 0.2320626326210403E+03 
 0.2319664629290715E+03 
 0.2318720606446810E+03 
 0.2317793888534194E+03 
 0.2316884114767469E+03 
 0.2315990932528404E+03 
 0.2315113997177940E+03 
 0.2314252971872102E+03 
 0.2313407527381764E+03 
 0.2312577341916232E+03 
 0.2311762100950585E+03 
 0.2310961497056724E+03 
 0.2310175229738097E+03 
 0.2309403005268023E+03 
 0.2308644536531569E+03 
 0.2307899542870946E+03 
 0.2307167749934319E+03 
 0.2306448889528028E+03 
 0.2305742699472132E+03 
 0.2305048923459220E+03 
 0.2304367310916446E+03 
 0.2303697616870707E+03 
 0.2303039601816928E+03 
 0.2302393031589372E+03 
 0.2301757677235935E+03 
 0.2301133314895378E+03 
 0.2694329738177072E+03 
 0.2693042608011608E+03 
 0.2690269440606469E+03 
 0.2686097678995075E+03 
 0.2680807085784544E+03 
 0.2674665513872105E+03 
 0.2667940491935918E+03 
 0.2660821490947120E+03 
 0.2653463812942197E+03 
 0.2645976948921091E+03 
 0.2638442851643825E+03 
 0.2630922853322228E+03 
 0.2623462300355111E+03 
 0.2616094200111766E+03 
 0.2608842143126733E+03 
 0.2601722583373052E+03 
 0.2594746580861826E+03 
 0.2587920825956549E+03 
 0.2581249354448231E+03 
 0.2574732907610697E+03 
 0.2568370149936565E+03 
 0.2562158303248092E+03 
 0.2556093670297745E+03 
 0.2550172049505571E+03 
 0.2544389031878870E+03 
 0.2538740197335802E+03 
 0.2533221234938032E+03 
 0.2527828009782601E+03 
 0.2522556594521955E+03 
 0.2517403278547791E+03 
 0.2512364563809143E+03 
 0.2507437153207029E+03 
 0.2502617935376341E+03 
 0.2497903968217657E+03 
 0.2493292462582149E+03 
 0.2488780766892351E+03 
 0.2484366353087931E+03 
 0.2480046804043595E+03 
 0.2475819802461064E+03 
 0.2471683121157811E+03 
 0.2467634614632217E+03 
 0.2463672211769839E+03 
 0.2459793909552822E+03 
 0.2455997767641145E+03 
 0.2452281903705129E+03 
 0.2448644489401311E+03 
 0.2445083746896695E+03 
 0.2441597945858674E+03 
 0.2438185400839281E+03 
 0.2434844468993011E+03 
 0.2431573548076200E+03 
 0.2428371074683909E+03 
 0.2425235522687200E+03 
 0.2422176462960353E+03 
 0.2419178634226932E+03 
 0.2416242178951152E+03 
 0.2413365976827757E+03 
 0.2410548848723727E+03 
 0.2407789598291499E+03 
 0.2405087024246799E+03 
 0.2402439929976740E+03 
 0.2399847130349510E+03 
 0.2397307456196416E+03 
 0.2394819757122712E+03 
 0.2392382903199052E+03 
 0.2389995785925044E+03 
 0.2387657318723605E+03 
 0.2385366437133012E+03 
 0.2383122098803623E+03 
 0.2380923283366395E+03 
 0.2378768992217656E+03 
 0.2376658248248174E+03 
 0.2374590095535741E+03 
 0.2372563599012838E+03 
 0.2370577844119002E+03 
 0.2368631936442700E+03 
 0.2366725001356948E+03 
 0.2364856183651911E+03 
 0.2363024647166218E+03 
 0.2361229574418278E+03 
 0.2359470166239227E+03 
 0.2357745641407823E+03 
 0.2356055236288496E+03 
 0.2354398204472341E+03 
 0.2352773816422205E+03 
 0.2351181359121756E+03 
 0.2349620135728758E+03 
 0.2348089465233031E+03 
 0.2346588682119013E+03 
 0.2345117136033408E+03 
 0.2343674191457503E+03 
 0.2342259227384813E+03 
 0.2340871637003701E+03 
 0.2339510827385231E+03 
 0.2338176219176476E+03 
 0.2336867246298641E+03 
 0.2335583355650992E+03 
 0.2334324006819782E+03 
 0.2333088671792514E+03 
 0.2331876834677637E+03 
 0.2330687991429311E+03 
 0.2329521649577795E+03 
 0.2328377327964544E+03 
 0.2327254556482981E+03 
 0.2326152875824150E+03 
 0.2325071837227675E+03 
 0.2324011002237702E+03 
 0.2322969942463706E+03 
 0.2321948239346614E+03 
 0.2320945483929670E+03 
 0.2319961276633939E+03 
 0.2318995227038975E+03 
 0.2318046953668002E+03 
 0.2317116083777801E+03 
 0.2316202253153214E+03 
 0.2315305105906101E+03 
 0.2314424294278895E+03 
 0.2313559478452299E+03 
 0.2312710326357671E+03 
 0.2311876513493241E+03 
 0.2311057722744791E+03 
 0.2310253644210253E+03 
 0.2309463975028479E+03 
 0.2308688419211794E+03 
 0.2307926687482552E+03 
 0.2307178497113411E+03 
 0.2306443571771379E+03 
 0.2305721641365542E+03 
 0.2305012441898256E+03 
 0.2304315715319970E+03 
 0.2303631209387391E+03 
 0.2302958677525097E+03 
 0.2302297878690374E+03 
 0.2301648577241363E+03 
 0.2301010542808156E+03 
 0.2300383550167306E+03 
 0.2299767379119088E+03 
 0.2299161814367829E+03 
 0.2298566645405104E+03 
 0.2297981666395740E+03 
 0.2297406676066629E+03 
 0.2296841477598141E+03 
 0.2296285878518242E+03 
 0.2295739690599332E+03 
 0.2698292681253795E+03 
 0.2697775308222667E+03 
 0.2696518444154643E+03 
 0.2694470322549019E+03 
 0.2691658161191451E+03 
 0.2688155456368529E+03 
 0.2684071882781902E+03 
 0.2679524510519148E+03 
 0.2674633834860381E+03 
 0.2669507071966130E+03 
 0.2664233336754191E+03 
 0.2658882827173968E+03 
 0.2653508826774047E+03 
 0.2648150811584829E+03 
 0.2642837562469193E+03 
 0.2637589795347517E+03 
 0.2632422222290948E+03 
 0.2627344371082431E+03 
 0.2622361391270846E+03 
 0.2617474311143618E+03 
 0.2612682032477093E+03 
 0.2607982591118326E+03 
 0.2603373902056846E+03 
 0.2598854071839218E+03 
 0.2594421468242706E+03 
 0.2590074684672222E+03 
 0.2585812473810840E+03 
 0.2581633683575687E+03 
 0.2577537206641281E+03 
 0.2573521945011686E+03 
 0.2569586787472438E+03 
 0.2565730596872730E+03 
 0.2561952204402623E+03 
 0.2558250408579550E+03 
 0.2554623977229508E+03 
 0.2551071651236182E+03 
 0.2547592149208668E+03 
 0.2544184172501066E+03 
 0.2540846410217402E+03 
 0.2537577543977332E+03 
 0.2534376252315042E+03 
 0.2531241214648857E+03 
 0.2528171114801426E+03 
 0.2525164644077820E+03 
 0.2522220503924246E+03 
 0.2519337408199744E+03 
 0.2516514085096915E+03 
 0.2513749278748468E+03 
 0.2511041750555808E+03 
 0.2508390280273350E+03 
 0.2505793666879813E+03 
 0.2503250729264354E+03 
 0.2500760306753023E+03 
 0.2498326855923649E+03 
 0.2495943139974697E+03 
 0.2493608258355322E+03 
 0.2491321157723586E+03 
 0.2489080788990109E+03 
 0.2486886123532113E+03 
 0.2484736156719673E+03 
 0.2482629908294182E+03 
 0.2480566421393517E+03 
 0.2478544761280555E+03 
 0.2476564014197203E+03 
 0.2474623286445915E+03 
 0.2472721703679962E+03 
 0.2470858410351794E+03 
 0.2469032569270536E+03 
 0.2467243361230287E+03 
 0.2465489984681777E+03 
 0.2463771655429312E+03 
 0.2462087606341022E+03 
 0.2460437087065137E+03 
 0.2458819363748040E+03 
 0.2457233718751771E+03 
 0.2455679450369804E+03 
 0.2454155872540996E+03 
 0.2452662314561630E+03 
 0.2451198120796172E+03 
 0.2449762650387191E+03 
 0.2448355276965155E+03 
 0.2446975388358578E+03 
 0.2445622386305230E+03 
 0.2444295686164851E+03 
 0.2442994716633987E+03 
 0.2441718919463220E+03 
 0.2440467749177327E+03 
 0.2439240672798569E+03 
 0.2438037169573465E+03 
 0.2436856730703301E+03 
 0.2435698859078522E+03 
 0.2434563069017270E+03 
 0.2433448886008033E+03 
 0.2432355846456735E+03 
 0.2431283497438150E+03 
 0.2430231396451837E+03 
 0.2429199111182625E+03 
 0.2428186219265607E+03 
 0.2427192308055657E+03 
 0.2426216974401655E+03 
 0.2425259824425067E+03 
 0.2424320473303311E+03 
 0.2423398545057373E+03 
 0.2422493672344148E+03 
 0.2421605496253033E+03 
 0.2420733666107014E+03 
 0.2419877839268055E+03 
 0.2419037680946763E+03 
 0.2418212864016342E+03 
 0.2417403068830645E+03 
 0.2416607983046415E+03 
 0.2415827301449480E+03 
 0.2415060725784931E+03 
 0.2414307964591278E+03 
 0.2413568733038403E+03 
 0.2412842752769307E+03 
 0.2412129751745377E+03 
 0.2411429464095649E+03 
 0.2410741629969273E+03 
 0.2410065995391565E+03 
 0.2409402312123655E+03 
 0.2408750337525240E+03 
 0.2408109834420702E+03 
 0.2407480570968468E+03 
 0.2406862320533506E+03 
 0.2406254861562819E+03 
 0.2405657977464020E+03 
 0.2405071456486791E+03 
 0.2404495091607291E+03 
 0.2403928680415301E+03 
 0.2403372025004114E+03 
 0.2402824931863103E+03 
 0.2402287211773000E+03 
 0.2401758679703603E+03 
 0.2401239154714140E+03 
 0.2400728459855842E+03 
 0.2400226422077151E+03 
 0.2399732872131086E+03 
 0.2399247644485002E+03 
 0.2398770577232446E+03 
 0.2398301512007253E+03 
 0.2397840293899752E+03 
 0.2397386771374996E+03 
 0.2396940796193067E+03 
 0.2702618452434969E+03 
 0.2702597689817354E+03 
 0.2702380171843254E+03 
 0.2701879556259178E+03 
 0.2701043298508357E+03 
 0.2699845478508385E+03 
 0.2698286384144415E+03 
 0.2696384110292128E+03 
 0.2694171129288692E+03 
 0.2691687694768003E+03 
 0.2688977030921307E+03 
 0.2686081776325432E+03 
 0.2683041670513973E+03 
 0.2679892343626188E+03 
 0.2676664906127133E+03 
 0.2673386025210770E+03 
 0.2670078252932049E+03 
 0.2666760302990891E+03 
 0.2663447472104904E+03 
 0.2660151713132963E+03 
 0.2656882155617478E+03 
 0.2653645680293290E+03 
 0.2650447451305143E+03 
 0.2647291349140932E+03 
 0.2644180295138610E+03 
 0.2641116484452693E+03 
 0.2638101551022102E+03 
 0.2635136685338987E+03 
 0.2632222720461212E+03 
 0.2629360196764695E+03 
 0.2626549412247493E+03 
 0.2623790462722237E+03 
 0.2621083274661843E+03 
 0.2618427632495266E+03 
 0.2615823201559891E+03 
 0.2613269547555937E+03 
 0.2610766153122153E+03 
 0.2608312432006336E+03 
 0.2605907741205261E+03 
 0.2603551391378374E+03 
 0.2601242655787482E+03 
 0.2598980777973805E+03 
 0.2596764978351266E+03 
 0.2594594459868138E+03 
 0.2592468412866711E+03 
 0.2590386019251961E+03 
 0.2588346456064373E+03 
 0.2586348898538319E+03 
 0.2584392522716060E+03 
 0.2582476507677519E+03 
 0.2580600037437515E+03 
 0.2578762302555107E+03 
 0.2576962501493382E+03 
 0.2575202792965292E+03 
 0.2573480189064650E+03 
 0.2571793125749425E+03 
 0.2570140631795562E+03 
 0.2568521929172236E+03 
 0.2566936299471791E+03 
 0.2565383045224721E+03 
 0.2563861480154620E+03 
 0.2562370927679515E+03 
 0.2560910721439371E+03 
 0.2559480206071741E+03 
 0.2558078737808773E+03 
 0.2556705684854808E+03 
 0.2555360427593030E+03 
 0.2554042358674234E+03 
 0.2552750883027109E+03 
 0.2551485417815971E+03 
 0.2550245392362060E+03 
 0.2549030248038627E+03 
 0.2547839438146135E+03 
 0.2546672427771825E+03 
 0.2545528693636733E+03 
 0.2544407723932387E+03 
 0.2543309018148927E+03 
 0.2542232086896262E+03 
 0.2541176451719479E+03 
 0.2540141644909712E+03 
 0.2539127209311416E+03 
 0.2538132698126982E+03 
 0.2537157674719492E+03 
 0.2536201712414319E+03 
 0.2535264394300205E+03 
 0.2534345313030379E+03 
 0.2533444070624236E+03 
 0.2532560278269970E+03 
 0.2531693556128561E+03 
 0.2530843533139443E+03 
 0.2530009846828165E+03 
 0.2529192143116248E+03 
 0.2528390076133515E+03 
 0.2527603308032982E+03 
 0.2526831508808550E+03 
 0.2526074356115572E+03 
 0.2525331535094408E+03 
 0.2524602738197076E+03 
 0.2523887665017003E+03 
 0.2523186022121996E+03 
 0.2522497522890376E+03 
 0.2521821887350433E+03 
 0.2521158842023061E+03 
 0.2520508119767674E+03 
 0.2519869459631364E+03 
 0.2519242606701276E+03 
 0.2518627311960186E+03 
 0.2518023332145249E+03 
 0.2517430429609948E+03 
 0.2516848372189066E+03 
 0.2516276933066801E+03 
 0.2515715890647879E+03 
 0.2515165028431623E+03 
 0.2514624134889007E+03 
 0.2514093003342562E+03 
 0.2513571431849134E+03 
 0.2513059223085410E+03 
 0.2512556184236203E+03 
 0.2512062126885394E+03 
 0.2511576866909478E+03 
 0.2511100224373743E+03 
 0.2510632023430931E+03 
 0.2510172092222363E+03 
 0.2509720262781479E+03 
 0.2509276370939768E+03 
 0.2508840256234947E+03 
 0.2508411761821469E+03 
 0.2507990734383179E+03 
 0.2507577024048149E+03 
 0.2507170484305632E+03 
 0.2506770971925042E+03 
 0.2506378346876967E+03 
 0.2505992472256115E+03 
 0.2505613214206198E+03 
 0.2505240441846707E+03 
 0.2504874027201438E+03 
 0.2504513845128859E+03 
 0.2504159773254193E+03 
 0.2503811691903183E+03 
 0.2503469484037539E+03 
 0.2503133035191944E+03 
 0.2502802233412681E+03 
 0.2502476969197773E+03 
 0.2502157135438618E+03 
 0.2707133556471773E+03 
 0.2707161579761688E+03 
 0.2707138025711261E+03 
 0.2707027812178625E+03 
 0.2706798919497879E+03 
 0.2706425612915958E+03 
 0.2705891030946070E+03 
 0.2705187231031828E+03 
 0.2704314876273513E+03 
 0.2703281802782373E+03 
 0.2702101241407061E+03 
 0.2700789942847135E+03 
 0.2699366490589154E+03 
 0.2697849948489183E+03 
 0.2696258873282137E+03 
 0.2694610657910680E+03 
 0.2692921142748593E+03 
 0.2691204356196463E+03 
 0.2689472625254178E+03 
 0.2687736231482054E+03 
 0.2686003682131239E+03 
 0.2684281833960469E+03 
 0.2682576099978882E+03 
 0.2680890675979625E+03 
 0.2679228757802773E+03 
 0.2677592734776273E+03 
 0.2675984353909649E+03 
 0.2674404854911256E+03 
 0.2672855078884996E+03 
 0.2671335554622405E+03 
 0.2669846566505551E+03 
 0.2668388207671127E+03 
 0.2666960421545891E+03 
 0.2665563034300934E+03 
 0.2664195780259131E+03 
 0.2662858321852691E+03 
 0.2661550265370593E+03 
 0.2660271173450881E+03 
 0.2659020575050324E+03 
 0.2657797973451476E+03 
 0.2656602852735503E+03 
 0.2655434683048179E+03 
 0.2654292924910128E+03 
 0.2653177032764282E+03 
 0.2652086457909636E+03 
 0.2651020650936910E+03 
 0.2649979063756556E+03 
 0.2648961151290210E+03 
 0.2647966372882044E+03 
 0.2646994193475214E+03 
 0.2646044084589779E+03 
 0.2645115525132019E+03 
 0.2644208002059535E+03 
 0.2643322150290547E+03 
 0.2642456067951787E+03 
 0.2641609383001472E+03 
 0.2640781682134289E+03 
 0.2639972528785471E+03 
 0.2639181483004099E+03 
 0.2638408108404828E+03 
 0.2637651974834030E+03 
 0.2636912659716206E+03 
 0.2636189748896998E+03 
 0.2635482837196424E+03 
 0.2634791528747932E+03 
 0.2634115437171852E+03 
 0.2633454185624221E+03 
 0.2632807406755736E+03 
 0.2632174742608266E+03 
 0.2631555844469570E+03 
 0.2630950372701079E+03 
 0.2630357996549121E+03 
 0.2629778393946487E+03 
 0.2629211251309193E+03 
 0.2628656263331370E+03 
 0.2628113132780344E+03 
 0.2627581570293237E+03 
 0.2627061294175783E+03 
 0.2626552030204032E+03 
 0.2626053511429219E+03 
 0.2625565477986027E+03 
 0.2625087676904423E+03 
 0.2624619861925137E+03 
 0.2624161793318916E+03 
 0.2623713237709605E+03 
 0.2623273967900984E+03 
 0.2622843762707568E+03 
 0.2622422406789250E+03 
 0.2622009690489888E+03 
 0.2621605409679736E+03 
 0.2621209365601796E+03 
 0.2620821364722034E+03 
 0.2620441218583446E+03 
 0.2620068743663924E+03 
 0.2619703761237886E+03 
 0.2619346097241656E+03 
 0.2618995582142478E+03 
 0.2618652050811150E+03 
 0.2618315342398226E+03 
 0.2617985300213683E+03 
 0.2617661771610013E+03 
 0.2617344607868608E+03 
 0.2617033664089495E+03 
 0.2616728799084206E+03 
 0.2616429875271799E+03 
 0.2616136758577846E+03 
 0.2615849318336466E+03 
 0.2615567427195199E+03 
 0.2615290961022698E+03 
 0.2615019798819114E+03 
 0.2614753822629189E+03 
 0.2614492917457881E+03 
 0.2614236971188516E+03 
 0.2613985874503336E+03 
 0.2613739520806432E+03 
 0.2613497806149003E+03 
 0.2613260629156742E+03 
 0.2613027890959424E+03 
 0.2612799495122591E+03 
 0.2612575347581229E+03 
 0.2612355356575439E+03 
 0.2612139432587962E+03 
 0.2611927488283579E+03 
 0.2611719438450302E+03 
 0.2611515199942245E+03 
 0.2611314691624196E+03 
 0.2611117834317848E+03 
 0.2610924550749526E+03 
 0.2610734765499500E+03 
 0.2610548404952700E+03 
 0.2610365397250964E+03 
 0.2610185672246574E+03 
 0.2610009161457168E+03 
 0.2609835798021968E+03 
 0.2609665516659204E+03 
 0.2609498253624841E+03 
 0.2609333946672449E+03 
 0.2609172535014190E+03 
 0.2609013959282923E+03 
 0.2608858161495451E+03 
 0.2608705085016695E+03 
 0.2608554674524993E+03 
 0.2608406875978289E+03 
 0.2608261636581309E+03 
0.000000000000
0.000000000000
0.000000000000
0.000000000000
0.000000000000
0.000000000000
0.000000000000
0.000000000000
0.000000000000
0.000000000000
0.000000000000
0.000000000000
0.000000000000
0.000000000000
0.000000000000
0.000000000000
0.000000000000
0.000000000000
0.000000000000
0.000000000000
0.000000000000
0.000000000000
0.000000000000
0.000000000000
0.000000000000
0.000000000000
0.000000000000
0.000000000000
0.000000000000
0.000000000000
0.000000000000
0.000000000000
0.000000000000
0.000000000000
0.000000000000
0.000000000000
0.000000000000
0.000000000000
0.000000000000
0.000000000000
0.000000000000
0.000000000000
0.000000000000
0.000000000000
0.000000000000
0.000000000000
0.000000000000
0.000000000000
0.000000000000
0.000000000000
0.000000000000
0.000000000000
0.000000000000
0.000000000000
0.000000000000
0.000000000000
0.000000000000
0.000000000000
0.000000000000
0.000000000000
0.000000000000
0.000000000000
0.000000000000
0.000000000000
0.000000000000
0.000000000000
0.000000000000
0.000000000000
0.000000000000
0.000000000000
0.000000000000
0.000000000000
0.000000000000
0.000000000000
0.000000000000
0.000000000000
0.000000000000
0.000000000000
0.000000000000
0.000000000000
0.000000000000
0.000000000000
0.000000000000
0.000000000000
0.000000000000
0.000000000000
0.000000000000
0.000000000000
0.000000000000
0.000000000000
0.000000000000
0.000000000000
0.000000000000
0.000000000000
0.000000000000
0.000000000000
0.000000000000
0.000000000000
0.000000000000
0.000000000000
0.000000000000
0.000000000000
0.000000000000
0.000000000000
0.000000000000
0.000000000000
0.000000000000
0.000000000000
0.000000000000
0.000000000000
0.000000000000
0.000000000000
0.000000000000
0.000000000000
0.000000000000
0.000000000000
0.000000000000
0.000000000000
0.000000000000
0.000000000000
0.000000000000
0.000000000000
0.000000000000
0.000000000000
0.000000000000
0.000000000000
0.000000000000
0.000000000000
0.000000000000
0.000000000000
0.000000000000
0.000000000000
0.000000000000
0.000000000000
0.000000000000
0.000000000000
0.000000000000
0.000000000000
0.000000000000
0.000000000000
0.000000000000
0.000000000000
0.000000000000
0.000000000000
-5.638430376844
-1.605990199560
-1.881561782660
-1.094209912116
-1.193682820686
-1.008967800144
-0.844057315723
-0.716458987889
-0.616101301928
-0.535481666054
-0.469607240356
-0.415034120126
-0.369304371580
-0.331449197363
-0.299187984667
-0.274287323955
-0.257103366304
-0.241165362104
-0.226243097818
-0.212519603893
-0.199973481719
-0.188511433339
-0.178027664297
-0.168420419355
-0.159596525155
-0.151472441981
-0.143974073901
-0.137036081575
-0.130601011962
-0.124618395860
-0.119043886988
-0.113838475856
-0.108967789911
-0.104401480013
-0.100112687627
-0.096077584710
-0.092274977641
-0.088685966740
-0.085293653702
-0.082082890066
-0.079040060745
-0.076152897459
-0.073410317693
-0.070802285393
-0.068319690267
-0.065954242957
-0.063698383821
-0.061545203374
-0.059488372766
-0.057522082869
-0.055640990824
-0.054141210576
-0.052362209583
-0.050639050428
-0.049004763994
-0.047450121385
-0.045965544783
-0.044544282871
-0.043181426674
-0.041873115756
-0.040616112366
-0.039407582466
-0.038244979162
-0.037125976572
-0.036048429286
-0.035010345461
-0.034009867551
-0.033045257610
-0.032114885530
-0.031217219243
-0.030350816378
-0.029514316995
-0.028706437182
-0.027925963365
-0.027171747202
-0.026442700978
-0.025737793441
-0.025056046015
-0.024396529341
-0.023758360124
-0.023140698235
-0.022542744049
-0.021963735999
-0.021402948309
-0.020859688912
-0.020333297505
-0.019823143765
-0.019328625673
-0.018849167967
-0.018384220694
-0.017933257866
-0.017495776194
-0.017071293912
-0.016659349679
-0.016259501537
-0.015871325947
-0.015494416873
-0.015128384926
-0.014772856562
-0.014427473314
-0.014091891084
-0.013765779461
-0.013448821090
-0.013140711061
-0.012841156346
-0.012549875257
-0.012266596935
-0.011991060870
-0.011723016437
-0.011462222466
-0.011208446828
-0.010961466044
-0.010721064911
-0.010487036152
-0.010259180077
-0.010037304264
-0.009821223255
-0.009610758270
-0.009405736923
-0.009205992968
-0.009011366041
-0.008821701430
-0.008636849838
-0.008456667172
-0.008281014332
-0.008109757017
-0.007942765534
-0.007779914614
-0.007621083245
-0.007466154504
-0.007315015399
-0.007167556721
-0.007023672896
-0.006883261850
-0.006746224873
-0.006612466500
-0.006481894379
-0.006354419165
-0.006229954403
-0.006108416423
-0.005989724239
-0.005873799450
0.000000000000
-13.233304263525
-1.908044499394
-7.722640115690
-2.763487844691
-3.377300799884
-1.966719181840
-1.389394833689
-1.058480892686
-0.844552977996
-0.696168973812
-0.587953548897
-0.505966023125
-0.441959431597
-0.392298251437
-0.352067646936
-0.386378689657
-0.493068688614
-0.543715192663
-0.569295147083
-0.580360411078
-0.582184929730
-0.577893899685
-0.569494393320
-0.558337559871
-0.545360701035
-0.531226885527
-0.516411034288
-0.501255653809
-0.486008274120
-0.470847326171
-0.455900436929
-0.441257598306
-0.426980783880
-0.413111052659
-0.399673844597
-0.386682956277
-0.374143541795
-0.362054386822
-0.350409636122
-0.339200107711
-0.328414292518
-0.318039113924
-0.308060503187
-0.298463833623
-0.289234246209
-0.280356891214
-0.271817105708
-0.263600541521
-0.255693255011
-0.248081767873
-0.240753105777
-0.233963383653
-0.227282736674
-0.220752634685
-0.214425131148
-0.208306683788
-0.202396606750
-0.196690664553
-0.191182758502
-0.185865912140
-0.180732822418
-0.175776161072
-0.170988737606
-0.166363585357
-0.161894004725
-0.157573581817
-0.153396193085
-0.149356001814
-0.145447449862
-0.141665246947
-0.138004358519
-0.134459993169
-0.131027589950
-0.127702806011
-0.124481504631
-0.121359743794
-0.118333765301
-0.115399984646
-0.112554981266
-0.109795489516
-0.107118390234
-0.104520702701
-0.101999577239
-0.099552288187
-0.097176227367
-0.094868897957
-0.092627908698
-0.090450968547
-0.088335881566
-0.086280542172
-0.084282930672
-0.082341109013
-0.080453216911
-0.078617468006
-0.076832146409
-0.075095603392
-0.073406254225
-0.071762575213
-0.070163100989
-0.068606421700
-0.067091180685
-0.065616072022
-0.064179838273
-0.062781268412
-0.061419195768
-0.060092496121
-0.058800085887
-0.057540920434
-0.056313992351
-0.055118330005
-0.053952995979
-0.052817085663
-0.051709725967
-0.050630074015
-0.049577315881
-0.048550665525
-0.047549363610
-0.046572676460
-0.045619895054
-0.044690334128
-0.043783331131
-0.042898245465
-0.042034457603
-0.041191368250
-0.040368397646
-0.039564984801
-0.038780586801
-0.038014678082
-0.037266749912
-0.036536309636
-0.035822880221
-0.035125999549
-0.034445220013
-0.033780107900
-0.033130242957
-0.032495217884
-0.031874637851
-0.031268120129
-0.030675293625
-0.030095798453
-0.029529285597
-0.028975416533
-1.177343128277
-1.544070472092
-1.626499498806
-1.637061330487
-1.582623129465
-1.488548811500
-1.360829230970
-1.209927159680
-1.055781162966
-0.914783234362
-0.794595429059
-0.696175063603
-0.617102403787
-0.553872890126
-0.503092021806
-0.461872943538
-0.429642295189
-0.407808013817
-0.395221582743
-0.388673592802
-0.385016995504
-0.382112420041
-0.378801837038
-0.374592563144
-0.369370305073
-0.363208884696
-0.356260300512
-0.348696608066
-0.340681820185
-0.332360137995
-0.323852603472
-0.315257808340
-0.306654332148
-0.298103715480
-0.289653389872
-0.281339312849
-0.273188224697
-0.265219525797
-0.257446809845
-0.249879101068
-0.242521844696
-0.235377695712
-0.228447144835
-0.221729014240
-0.215220849611
-0.208919229982
-0.202820012496
-0.196918525707
-0.191209722182
-0.185688298911
-0.180348792221
-0.175185652469
-0.170142481319
-0.165362646989
-0.160753415287
-0.156288523895
-0.151957863647
-0.147757570614
-0.143685471327
-0.139739464758
-0.135917085417
-0.132215467689
-0.128631427835
-0.125161565877
-0.121802356097
-0.118550218616
-0.115401572819
-0.112352875748
-0.109400648906
-0.106541496388
-0.103772116698
-0.101089309996
-0.098489982074
-0.095971146007
-0.093529922155
-0.091163537010
-0.088869321246
-0.086644707209
-0.084487226049
-0.082394504630
-0.080364262286
-0.078394307532
-0.076482534751
-0.074626920908
-0.072825522318
-0.071076471477
-0.069377973984
-0.067728305543
-0.066125809073
-0.064568891911
-0.063056023125
-0.061585730922
-0.060156600163
-0.058767269973
-0.057416431454
-0.056102825492
-0.054825240654
-0.053582511187
-0.052373515082
-0.051197172243
-0.050052442732
-0.048938325078
-0.047853854676
-0.046798102257
-0.045770172412
-0.044769202201
-0.043794359808
-0.042844843262
-0.041919879220
-0.041018721802
-0.040140651468
-0.039284973964
-0.038451019296
-0.037638140764
-0.036845714031
-0.036073136236
-0.035319825145
-0.034585218343
-0.033868772456
-0.033169962412
-0.032488280727
-0.031823236839
-0.031174356447
-0.030541180897
-0.029923266587
-0.029320184401
-0.028731519160
-0.028156869110
-0.027595845412
-0.027048071676
-0.026513183494
-0.025990828009
-0.025480663488
-0.024982358925
-0.024495593653
-0.024020056972
-0.023555447794
-0.023101474307
-0.022657853639
-0.022224311555
-0.021800582145
-0.021386407543
-0.020981537647
-0.034810055121
-0.086051306855
-0.135182016114
-0.179822622755
-0.219350204527
-0.253186470385
-0.281090936249
-0.302773590693
-0.318568524263
-0.329238070156
-0.335678357789
-0.338716762602
-0.339032899979
-0.337161439268
-0.333524677741
-0.328464311962
-0.322328070025
-0.315510741863
-0.308381521486
-0.301170054826
-0.293988824154
-0.286880325894
-0.279856465757
-0.272920071745
-0.266073550245
-0.259321057768
-0.252668210709
-0.246121229992
-0.239686210966
-0.233368669721
-0.227173326799
-0.221104048080
-0.215163873887
-0.209355089042
-0.203679305868
-0.198137545542
-0.192730311495
-0.187457652975
-0.182319219276
-0.177314306009
-0.172441895124
-0.167700689887
-0.163089146215
-0.158605501130
-0.154247798959
-0.150013915720
-0.145901581952
-0.141908404126
-0.138031884692
-0.134269440871
-0.130618422121
-0.127076126345
-0.123623023554
-0.120396839689
-0.117195366525
-0.114067365470
-0.111026524972
-0.108074931167
-0.105211436372
-0.102433948869
-0.099740106715
-0.097127488352
-0.094593680618
-0.092136301284
-0.089753007379
-0.087441499210
-0.085199523300
-0.083024874927
-0.080915400404
-0.078868999054
-0.076883624761
-0.074957287178
-0.073088052467
-0.071274043701
-0.069513440920
-0.067804480893
-0.066145456628
-0.064534716658
-0.062970664143
-0.061451755878
-0.059976501106
-0.058543460307
-0.057151243869
-0.055798510750
-0.054483967070
-0.053206364694
-0.051964499830
-0.050757211555
-0.049583380431
-0.048441927091
-0.047331810843
-0.046252028325
-0.045201612147
-0.044179629599
-0.043185181387
-0.042217400363
-0.041275450374
-0.040358525065
-0.039465846731
-0.038596665285
-0.037750257158
-0.036925924286
-0.036122993150
-0.035340813829
-0.034578759071
-0.033836223442
-0.033112622468
-0.032407391841
-0.031719986628
-0.031049880551
-0.030396565234
-0.029759549552
-0.029138358944
-0.028532534808
-0.027941633873
-0.027365227612
-0.026802901718
-0.026254255537
-0.025718901558
-0.025196464940
-0.024686583019
-0.024188904886
-0.023703090899
-0.023228812333
-0.022765750925
-0.022313598532
-0.021872056740
-0.021440836526
-0.021019657901
-0.020608249609
-0.020206348816
-0.019813700770
-0.019430058581
-0.019055182886
-0.018688841632
-0.018330809773
-0.017980869079
-0.017638807864
-0.017304420770
-0.016977508570
-0.016657877930
-0.016345341233
-0.016039716376
-0.016560596552
-0.053380176266
-0.106648210595
-0.168928265539
-0.233639666953
-0.295876931173
-0.352953718299
-0.403602302308
-0.447547309830
-0.485029634773
-0.516514123939
-0.542547167612
-0.563688450690
-0.580477110781
-0.593415638105
-0.602963717058
-0.609540616741
-0.613520513816
-0.615248044479
-0.615038965726
-0.613177766292
-0.609917330656
-0.605479643888
-0.600057564214
-0.593817391196
-0.586901836327
-0.579433046702
-0.571515451134
-0.563238312091
-0.554677947226
-0.545899630790
-0.536959207128
-0.527904455480
-0.518776244533
-0.509609510972
-0.500434091134
-0.491275429880
-0.482155186505
-0.473091753890
-0.464100704249
-0.455195172508
-0.446386186486
-0.437682951599
-0.429093096589
-0.420622885780
-0.412277402564
-0.404060708123
-0.395975978836
-0.388025625288
-0.380211395444
-0.372534464134
-0.364995510735
-0.357399233822
-0.350042411398
-0.342855775176
-0.335832824711
-0.328963091214
-0.322238848431
-0.315654959993
-0.309207817183
-0.302894585981
-0.296712782601
-0.290660061973
-0.284734124150
-0.278932679766
-0.273253442270
-0.267694130682
-0.262252475288
-0.256926223184
-0.251713142671
-0.246611026354
-0.241617693206
-0.236730989838
-0.231948791269
-0.227269001352
-0.222689553030
-0.218208408478
-0.213823559206
-0.209533026139
-0.205334859706
-0.201227139924
-0.197207976483
-0.193275508834
-0.189427906268
-0.185663367983
-0.181980123139
-0.178376430885
-0.174850580369
-0.171400890726
-0.168025711028
-0.164723420218
-0.161492427010
-0.158331169763
-0.155238116331
-0.152211763882
-0.149250638697
-0.146353295941
-0.143518319418
-0.140744321299
-0.138029941837
-0.135373849059
-0.132774738446
-0.130231332600
-0.127742380892
-0.125306659104
-0.122922969059
-0.120590138241
-0.118307019410
-0.116072490207
-0.113885452758
-0.111744833269
-0.109649581623
-0.107598670965
-0.105591097298
-0.103625879070
-0.101702056758
-0.099818692463
-0.097974869496
-0.096169691969
-0.094402284390
-0.092671791262
-0.090977376672
-0.089318223907
-0.087693535046
-0.086102530584
-0.084544449034
-0.083018546553
-0.081524096565
-0.080060389386
-0.078626731863
-0.077222447007
-0.075846873645
-0.074499366062
-0.073179293663
-0.071886040629
-0.070619005590
-0.069377601291
-0.068161254277
-0.066969404574
-0.065801505378
-0.064657022756
-0.063535435344
-0.062436234056
-0.128713016546
-0.277316740514
-0.417176161139
-0.529059321053
-0.614157191244
-0.672502193619
-0.711900098880
-0.735767800492
-0.748686402111
-0.753409727727
-0.751999832160
-0.746055296712
-0.736810024334
-0.725205698503
-0.711955975368
-0.697600251123
-0.682575490528
-0.667147150832
-0.651644683753
-0.636275767413
-0.621184668847
-0.606463295035
-0.592162079217
-0.578301762670
-0.564883454307
-0.551896239777
-0.539322515543
-0.527141526065
-0.515331597416
-0.503871473865
-0.492741060211
-0.481921783069
-0.471396715868
-0.461150563551
-0.451169568980
-0.441441380442
-0.431954904434
-0.422700158253
-0.413668130325
-0.404850652559
-0.396240286238
-0.387830221702
-0.379614191168
-0.371586393602
-0.363741430382
-0.356074250462
-0.348580103802
-0.341254501939
-0.334093184627
-0.327092091681
-0.320247339229
-0.313555199671
-0.305905972685
-0.299782873342
-0.293645527578
-0.287620212340
-0.281712810403
-0.275925043223
-0.270257404470
-0.264709427006
-0.259279962723
-0.253967415309
-0.248769907370
-0.243685392366
-0.238711727401
-0.233846720144
-0.229088159059
-0.224433832939
-0.219881543723
-0.215429114874
-0.211074396948
-0.206815271243
-0.202649652290
-0.198575489384
-0.194590767630
-0.190693508575
-0.186881770504
-0.183153648569
-0.179507274794
-0.175940817905
-0.172452483140
-0.169040511933
-0.165703181615
-0.162438805014
-0.159245730045
-0.156122339300
-0.153067049573
-0.150078311402
-0.147154608560
-0.144294457591
-0.141496407269
-0.138759038111
-0.136080961847
-0.133460820875
-0.130897287784
-0.128389064765
-0.125934883121
-0.123533502727
-0.121183711488
-0.118884324833
-0.116634185152
-0.114432161325
-0.112277148156
-0.110168065883
-0.108103859647
-0.106083498997
-0.104105977400
-0.102170311709
-0.100275541694
-0.098420729573
-0.096604959496
-0.094827337097
-0.093086989020
-0.091383062459
-0.089714724711
-0.088081162721
-0.086481582660
-0.084915209463
-0.083381286443
-0.081879074845
-0.080407853454
-0.078966918177
-0.077555581668
-0.076173172924
-0.074819036914
-0.073492534203
-0.072193040584
-0.070919946729
-0.069672657829
-0.068450593258
-0.067253186229
-0.066079883472
-0.064930144901
-0.063803443321
-0.062699264085
-0.061617104822
-0.060556475126
-0.059516896272
-0.058497900936
-0.057499032911
-0.056519846849
-0.055559907990
-0.054618791891
-0.051737303113
-0.125686406802
-0.204812160562
-0.281216135757
-0.350270482292
-0.408357358663
-0.454737226275
-0.489067565877
-0.512676289425
-0.527373521194
-0.535050958022
-0.537400039992
-0.535801518922
-0.531324911564
-0.524776712168
-0.516757305657
-0.507785120852
-0.498297981159
-0.488708012723
-0.479227866652
-0.469944135877
-0.460868906148
-0.451983021763
-0.443260359651
-0.434678357048
-0.426221086138
-0.417879023515
-0.409647693441
-0.401526162959
-0.393515753925
-0.385619059971
-0.377839247011
-0.370179582307
-0.362643135004
-0.355232599333
-0.347950202751
-0.340797670760
-0.333776228366
-0.326886624007
-0.320129166229
-0.313503766619
-0.307009984743
-0.300647072361
-0.294414015357
-0.288309572450
-0.282332310283
-0.276480634845
-0.270752819266
-0.265147028246
-0.259661339354
-0.254293761546
-0.249042251133
-0.243345082937
-0.238371594895
-0.233488161937
-0.228710063174
-0.224036873348
-0.219466545800
-0.214996681244
-0.210624842549
-0.206348690066
-0.202166011296
-0.198074708335
-0.194072775129
-0.190158276595
-0.186329332817
-0.182584108126
-0.178920804025
-0.175337654851
-0.171832925246
-0.168404908829
-0.165051927588
-0.161772331710
-0.158564499627
-0.155426838197
-0.152357782881
-0.149355797937
-0.146419376546
-0.143547040898
-0.140737342204
-0.137988860658
-0.135300205335
-0.132670014038
-0.130096953086
-0.127579717077
-0.125117028589
-0.122707637876
-0.120350322510
-0.118043887016
-0.115787162478
-0.113579006125
-0.111418300924
-0.109303955130
-0.107234901859
-0.105210098631
-0.103228526921
-0.101289191702
-0.099391120995
-0.097533365400
-0.095714997659
-0.093935112176
-0.092192824594
-0.090487271323
-0.088817609111
-0.087183014602
-0.085582683896
-0.084015832129
-0.082481693042
-0.080979518570
-0.079508578423
-0.078068159694
-0.076657566455
-0.075276119365
-0.073923155288
-0.072598026910
-0.071300102393
-0.070028764973
-0.068783412638
-0.067563457771
-0.066368326791
-0.065197459841
-0.064050310454
-0.062926345223
-0.061825043496
-0.060745897069
-0.059688409880
-0.058652097723
-0.057636487950
-0.056641119199
-0.055665541119
-0.054709314101
-0.053772009010
-0.052853206940
-0.051952498946
-0.051069485830
-0.050203777869
-0.049354994607
-0.048522764608
-0.047706725256
-0.046906522519
-0.046121810750
-0.045352252476
-0.044597518193
-0.002076261761
-0.021751797410
-0.050061558408
-0.083625775082
-0.119781999997
-0.155909436397
-0.190227385229
-0.221298100344
-0.248343452069
-0.271066384670
-0.289525459588
-0.304010581146
-0.314932688779
-0.322743749905
-0.327888091636
-0.330777227872
-0.331794994116
-0.331283088599
-0.329575897194
-0.326955751548
-0.323647532419
-0.319822898815
-0.315610216421
-0.311105400232
-0.306381068592
-0.301493343059
-0.296486568312
-0.291396487777
-0.286252369652
-0.281078451720
-0.275894952526
-0.270718806039
-0.265564216658
-0.260443093538
-0.255365400395
-0.250339443378
-0.245372111582
-0.240469080108
-0.235634982689
-0.230873559089
-0.226187781368
-0.221579962254
-0.217051848313
-0.212604700143
-0.208239361475
-0.203956318759
-0.199755752605
-0.195637582226
-0.191601503854
-0.187647024000
-0.183773488241
-0.179980106172
-0.175970852809
-0.172260390064
-0.168706331522
-0.165249395386
-0.161870262333
-0.158562970044
-0.155325424707
-0.152156507010
-0.149055247511
-0.146020624014
-0.143051536763
-0.140146826297
-0.137305295396
-0.134525726178
-0.131806891880
-0.129147564712
-0.126546521114
-0.124002545391
-0.121514432343
-0.119080989249
-0.116701037431
-0.114373413509
-0.112096970435
-0.109870578346
-0.107693125267
-0.105563517678
-0.103480680977
-0.101443559830
-0.099451118443
-0.097502340749
-0.095596230517
-0.093731811411
-0.091908126983
-0.090124240614
-0.088379235427
-0.086672214141
-0.085002298912
-0.083368631128
-0.081770371192
-0.080206698273
-0.078676810053
-0.077179922443
-0.075715269298
-0.074282102116
-0.072879689733
-0.071507318007
-0.070164289501
-0.068849923162
-0.067563553994
-0.066304532737
-0.065072225539
-0.063866013631
-0.062685293009
-0.061529474109
-0.060397981494
-0.059290253530
-0.058205742088
-0.057143912227
-0.056104241892
-0.055086221626
-0.054089354262
-0.053113154645
-0.052157149343
-0.051220876372
-0.050303884921
-0.049405735081
-0.048525997592
-0.047664253573
-0.046820094281
-0.045993120857
-0.045182944088
-0.044389184171
-0.043611470482
-0.042849441348
-0.042102743829
-0.041371033503
-0.040653974252
-0.039951238059
-0.039262504807
-0.038587462085
-0.037925804992
-0.037277235949
-0.036641464527
-0.036018207258
-0.035407187467
-0.034808135101
-0.034220786564
-0.033644884560
-0.033080177926
-0.032526421491
-0.031983375916
0.002802328991
-0.002355405043
-0.011021353264
-0.022889268075
-0.037330658192
-0.053458196989
-0.070379991424
-0.087235475832
-0.103307349114
-0.118056137531
-0.131129855993
-0.142345225798
-0.151654209997
-0.159107520705
-0.164821537146
-0.168951516209
-0.171678655213
-0.173173094229
-0.173639377212
-0.173254935082
-0.172184817077
-0.170573398159
-0.168542399926
-0.166191817685
-0.163602302650
-0.160838086662
-0.157949899839
-0.154977602626
-0.151952426259
-0.148898811685
-0.145835883442
-0.142778612524
-0.139738724496
-0.136725404180
-0.133745840644
-0.130805648210
-0.127909191971
-0.125059840056
-0.122260159885
-0.119512071597
-0.116816968732
-0.114175813805
-0.111589214585
-0.109057485465
-0.106580697273
-0.104158718035
-0.101791246635
-0.099477840817
-0.097217940683
-0.095010888544
-0.092855945776
-0.090752307248
-0.088585176899
-0.086608233876
-0.084668495031
-0.082770086718
-0.080915334882
-0.079104578137
-0.077337459927
-0.075613357080
-0.073931511782
-0.072291081921
-0.070691170057
-0.069130844849
-0.067609157608
-0.066125154763
-0.064677886848
-0.063266414747
-0.061889813870
-0.060547176849
-0.059237615196
-0.057960260263
-0.056714263729
-0.055498797782
-0.054313055103
-0.053156248711
-0.052027611745
-0.050926397175
-0.049851877481
-0.048803344319
-0.047780108160
-0.046781497929
-0.045806860622
-0.044855560931
-0.043926980862
-0.043020519342
-0.042135591832
-0.041271629936
-0.040428081015
-0.039604407794
-0.038800087976
-0.038014613859
-0.037247491952
-0.036498242604
-0.035766399623
-0.035051509918
-0.034353133133
-0.033670841292
-0.033004218454
-0.032352860367
-0.031716374141
-0.031094377911
-0.030486500529
-0.029892381241
-0.029311669395
-0.028744024138
-0.028189114127
-0.027646617250
-0.027116220358
-0.026597618992
-0.026090517131
-0.025594626937
-0.025109668518
-0.024635369690
-0.024171465743
-0.023717699226
-0.023273819732
-0.022839583683
-0.022414754136
-0.021999100579
-0.021592398748
-0.021194430438
-0.020804983328
-0.020423850806
-0.020050831805
-0.019685730635
-0.019328356832
-0.018978525003
-0.018636054680
-0.018300770174
-0.017972500439
-0.017651078941
-0.017336343520
-0.017028136276
-0.016726303436
-0.016430695239
-0.016141165826
-0.015857573127
-0.015579778747
-0.015307647876
-0.015041049170
-0.014779854670
-0.014523939698
