-4.5845e-02
1.0000e+02
1.0964e+02
1.1258e+02
1.0622e+02
1.0119e+02
9.6277e+01
9.1920e+01
8.8052e+01
8.4718e+01
8.1723e+01
7.9108e+01
7.6873e+01
7.4887e+01
7.3136e+01
7.1544e+01
7.0090e+01
6.8765e+01
6.7636e+01
6.6547e+01
6.5588e+01
6.4711e+01
6.3916e+01
6.3157e+01
6.2476e+01
6.1879e+01
6.1312e+01
6.0783e+01
6.0330e+01
5.9889e+01
5.9518e+01
5.9123e+01
5.8791e+01
5.8468e+01
5.8188e+01
5.7910e+01
5.7694e+01
-7.5338e-03
1.0000e+02
9.5705e+01
9.1287e+01
9.5047e+01
9.6428e+01
9.6912e+01
9.6804e+01
9.6238e+01
9.5483e+01
9.4638e+01
9.3692e+01
9.2757e+01
9.1873e+01
9.1023e+01
9.0200e+01
8.9496e+01
8.8764e+01
8.8135e+01
8.7511e+01
8.6950e+01
8.6424e+01
8.5912e+01
8.5487e+01
8.5036e+01
8.4650e+01
8.4283e+01
8.3985e+01
8.3643e+01
8.3336e+01
8.3121e+01
8.2804e+01
8.2590e+01
8.2356e+01
8.2181e+01
8.1990e+01
8.1791e+01
-1.0424e+00
1.9120e+01
2.3254e+01
2.7244e+01
3.1271e+01
3.5414e+01
3.9561e+01
4.3341e+01
4.6831e+01
4.9785e+01
5.2295e+01
5.4577e+01
5.6498e+01
5.8188e+01
5.9657e+01
6.0921e+01
6.2077e+01
6.3039e+01
6.3914e+01
6.4748e+01
6.5400e+01
6.6010e+01
6.6545e+01
6.7050e+01
6.7495e+01
6.7903e+01
6.8181e+01
6.8519e+01
6.8842e+01
6.9051e+01
6.9251e+01
6.9491e+01
6.9651e+01
6.9868e+01
7.0026e+01
7.0146e+01
7.0237e+01
-1.1820e+00
-1.2165e+00
-1.1001e+00
-7.8011e-01
-1.2629e-01
7.7113e-01
1.9472e+00
3.2895e+00
4.7364e+00
6.2699e+00
7.7049e+00
9.2225e+00
1.0620e+01
1.2029e+01
1.3289e+01
1.4545e+01
1.5753e+01
1.6763e+01
1.7859e+01
1.8778e+01
1.9696e+01
2.0564e+01
2.1326e+01
2.2094e+01
2.2756e+01
2.3372e+01
2.3973e+01
2.4505e+01
2.5089e+01
2.5568e+01
2.5969e+01
2.6402e+01
2.6786e+01
2.7169e+01
2.7538e+01
2.7858e+01
2.8142e+01
-2.6238e-01
-5.2678e-01
-9.7877e-01
-1.1016e+00
-8.2653e-01
-2.8424e-01
4.1828e-01
1.0891e+00
1.7715e+00
2.3530e+00
2.9278e+00
3.4446e+00
3.9044e+00
4.3465e+00
4.6877e+00
5.0000e+00
5.2626e+00
5.5576e+00
5.8007e+00
5.9805e+00
6.0652e+00
6.3152e+00
6.4341e+00
6.5677e+00
6.6432e+00
6.7724e+00
6.8375e+00
6.9618e+00
7.0680e+00
7.1683e+00
7.2303e+00
7.3154e+00
7.3520e+00
7.3842e+00
7.4596e+00
7.5230e+00
7.5568e+00
-1.5002e+00
-2.3271e-01
3.5323e+00
8.0574e+00
1.2246e+01
1.5945e+01
1.9079e+01
2.1720e+01
2.4029e+01
2.5911e+01
2.7548e+01
2.8980e+01
3.0178e+01
3.1216e+01
3.2145e+01
3.2887e+01
3.3568e+01
3.4228e+01
3.4716e+01
3.5194e+01
3.5612e+01
3.6080e+01
3.6388e+01
3.6770e+01
3.7037e+01
3.7278e+01
3.7578e+01
3.7827e+01
3.8061e+01
3.8250e+01
3.8501e+01
3.8649e+01
3.8840e+01
3.9002e+01
3.9207e+01
3.9325e+01
3.9463e+01
-4.0294e-01
-3.5174e-01
-1.9735e-01
2.3776e-01
8.4830e-01
1.6156e+00
2.4336e+00
3.1596e+00
3.8860e+00
4.6463e+00
5.2513e+00
5.8574e+00
6.3474e+00
6.9102e+00
7.3914e+00
7.8099e+00
8.2432e+00
8.5904e+00
8.9150e+00
9.2474e+00
9.5527e+00
9.8549e+00
1.0100e+01
1.0317e+01
1.0579e+01
1.0759e+01
1.1005e+01
1.1178e+01
1.1400e+01
1.1536e+01
1.1684e+01
1.1859e+01
1.1989e+01
1.2129e+01
1.2257e+01
1.2398e+01
1.2506e+01
-2.5891e-01
-1.7020e-01
-1.2144e-01
-8.1581e-02
4.0413e-02
2.5986e-01
5.9589e-01
9.4180e-01
1.3577e+00
1.7817e+00
2.1705e+00
2.6127e+00
3.0781e+00
3.5034e+00
3.9596e+00
4.3803e+00
4.7848e+00
5.1884e+00
5.5474e+00
5.9277e+00
6.2394e+00
6.5389e+00
6.8719e+00
7.1581e+00
7.4231e+00
7.7061e+00
7.9419e+00
8.2113e+00
8.4175e+00
8.6561e+00
8.8298e+00
9.0417e+00
9.2185e+00
9.4224e+00
9.5455e+00
9.6908e+00
9.8567e+00
