0.0000e+00
1.0000e+02
1.0966e+02
1.1257e+02
1.0624e+02
1.0119e+02
9.6310e+01
9.1939e+01
8.8091e+01
8.4711e+01
8.1737e+01
7.9110e+01
7.6875e+01
7.4907e+01
7.3135e+01
7.1537e+01
7.0095e+01
6.8792e+01
6.7612e+01
6.6542e+01
6.5570e+01
6.4687e+01
6.3883e+01
6.3150e+01
6.2480e+01
6.1868e+01
6.1308e+01
6.0794e+01
6.0323e+01
5.9890e+01
5.9492e+01
5.9126e+01
5.8788e+01
5.8476e+01
5.8188e+01
5.7922e+01
5.7676e+01
0.0000e+00
1.0000e+02
9.5725e+01
9.1307e+01
9.5059e+01
9.6414e+01
9.6922e+01
9.6790e+01
9.6260e+01
9.5500e+01
9.4621e+01
9.3690e+01
9.2759e+01
9.1870e+01
9.1029e+01
9.0234e+01
8.9485e+01
8.8783e+01
8.8127e+01
8.7515e+01
8.6944e+01
8.6414e+01
8.5922e+01
8.5466e+01
8.5042e+01
8.4650e+01
8.4286e+01
8.3948e+01
8.3636e+01
8.3346e+01
8.3077e+01
8.2828e+01
8.2596e+01
8.2381e+01
8.2181e+01
8.1996e+01
8.1823e+01
-1.0609e+00
1.9082e+01
2.3247e+01
2.7282e+01
3.1292e+01
3.5424e+01
3.9561e+01
4.3381e+01
4.6778e+01
4.9748e+01
5.2326e+01
5.4560e+01
5.6496e+01
5.8179e+01
5.9646e+01
6.0931e+01
6.2060e+01
6.3055e+01
6.3933e+01
6.4711e+01
6.5400e+01
6.6013e+01
6.6559e+01
6.7046e+01
6.7481e+01
6.7870e+01
6.8219e+01
6.8532e+01
6.8814e+01
6.9068e+01
6.9297e+01
6.9504e+01
6.9691e+01
6.9860e+01
7.0014e+01
7.0154e+01
7.0281e+01
-1.1202e+00
-1.2478e+00
-1.1321e+00
-7.8111e-01
-1.4283e-01
7.8370e-01
1.9507e+00
3.2909e+00
4.7370e+00
6.2323e+00
7.7339e+00
9.2110e+00
1.0643e+01
1.2016e+01
1.3324e+01
1.4561e+01
1.5727e+01
1.6823e+01
1.7851e+01
1.8813e+01
1.9712e+01
2.0552e+01
2.1337e+01
2.2069e+01
2.2751e+01
2.3388e+01
2.3983e+01
2.4537e+01
2.5054e+01
2.5537e+01
2.5988e+01
2.6409e+01
2.6803e+01
2.7170e+01
2.7514e+01
2.7836e+01
2.8136e+01
-2.4587e-01
-5.2220e-01
-1.0106e+00
-1.1220e+00
-8.2615e-01
-2.7823e-01
3.8612e-01
1.0801e+00
1.7543e+00
2.3838e+00
2.9574e+00
3.4725e+00
3.9308e+00
4.3363e+00
4.6940e+00
5.0097e+00
5.2887e+00
5.5359e+00
5.7557e+00
5.9519e+00
6.1278e+00
6.2861e+00
6.4293e+00
6.5594e+00
6.6781e+00
6.7869e+00
6.8870e+00
6.9794e+00
7.0650e+00
7.1445e+00
7.2186e+00
7.2879e+00
7.3527e+00
7.4135e+00
7.4707e+00
7.5244e+00
7.5751e+00
-1.5244e+00
-2.6233e-01
3.5199e+00
8.0441e+00
1.2260e+01
1.5931e+01
1.9070e+01
2.1740e+01
2.4009e+01
2.5938e+01
2.7582e+01
2.8985e+01
3.0187e+01
3.1222e+01
3.2120e+01
3.2903e+01
3.3590e+01
3.4197e+01
3.4737e+01
3.5219e+01
3.5654e+01
3.6048e+01
3.6408e+01
3.6737e+01
3.7040e+01
3.7321e+01
3.7582e+01
3.7826e+01
3.8054e+01
3.8268e+01
3.8469e+01
3.8659e+01
3.8838e+01
3.9007e+01
3.9168e+01
3.9320e+01
3.9465e+01
-4.0708e-01
-3.6020e-01
-1.8078e-01
2.3509e-01
8.6475e-01
1.6128e+00
2.3990e+00
3.1750e+00
3.9159e+00
4.6108e+00
5.2562e+00
5.8528e+00
6.4030e+00
6.9102e+00
7.3784e+00
7.8111e+00
8.2119e+00
8.5838e+00
8.9296e+00
9.2518e+00
9.5525e+00
9.8335e+00
1.0097e+01
1.0343e+01
1.0575e+01
1.0792e+01
1.0997e+01
1.1189e+01
1.1370e+01
1.1541e+01
1.1703e+01
1.1855e+01
1.1999e+01
1.2134e+01
1.2263e+01
1.2384e+01
1.2499e+01
-2.2381e-01
-1.4483e-01
-1.4471e-01
-9.6582e-02
4.2070e-02
2.7449e-01
5.8364e-01
9.4839e-01
1.3504e+00
1.7756e+00
2.2134e+00
2.6558e+00
3.0969e+00
3.5323e+00
3.9585e+00
4.3733e+00
4.7748e+00
5.1619e+00
5.5339e+00
5.8903e+00
6.2309e+00
6.5559e+00
6.8654e+00
7.1597e+00
7.4394e+00
7.7049e+00
7.9566e+00
8.1953e+00
8.4213e+00
8.6354e+00
8.8381e+00
9.0299e+00
9.2114e+00
9.3832e+00
9.5456e+00
9.6993e+00
9.8447e+00
